PARTICLES:
714 500
714 518
714 537
733 500
733 518
733 537
661 523
661 541
661 560
679 523
679 541
679 560
698 523
698 541
698 560
622 556
622 574
622 593
640 556
640 574
640 593
659 556
659 574
659 593
602 570
602 588
602 607
620 570
620 588
620 607
639 570
639 588
639 607
583 581
583 599
583 618
601 581
601 599
601 618
620 581
620 599
620 618
569 588
569 606
569 625
587 588
587 606
587 625
606 588
606 606
606 625
543 600
543 618
543 637
561 600
561 618
561 637
580 600
580 618
580 637
523 608
523 626
523 645
541 608
541 626
541 645
560 608
560 626
560 645
479 620
479 638
479 657
497 620
497 638
497 657
516 620
516 638
516 657
418 620
418 638
418 657
436 620
436 638
436 657
455 620
455 638
455 657
379 624
379 642
379 661
397 624
397 642
397 661
416 624
416 642
416 661
340 620
340 638
340 657
358 620
358 638
358 657
377 620
377 638
377 657
241 607
241 625
241 644
259 607
259 625
259 644
278 607
278 625
278 644
186 599
186 617
186 636
204 599
204 617
204 636
223 599
223 617
223 636
155 593
155 611
155 630
173 593
173 611
173 630
192 593
192 611
192 630
134 588
134 606
134 625
152 588
152 606
152 625
171 588
171 606
171 625
119 584
119 602
119 621
137 584
137 602
137 621
156 584
156 602
156 621
106 579
106 597
106 616
124 579
124 597
124 616
143 579
143 597
143 616
94 574
94 592
94 611
112 574
112 592
112 611
131 574
131 592
131 611
85 565
85 583
85 602
103 565
103 583
103 602
122 565
122 583
122 602
81 545
81 563
81 582
99 545
99 563
99 582
118 545
118 563
118 582
79 505
79 523
79 542
97 505
97 523
97 542
116 505
116 523
116 542
77 466
77 484
77 503
95 466
95 484
95 503
114 466
114 484
114 503
86 432
86 450
86 469
104 432
104 450
104 469
123 432
123 450
123 469
104 410
104 428
104 447
122 410
122 428
122 447
141 410
141 428
141 447
131 393
131 411
131 430
149 393
149 411
149 430
168 393
168 411
168 430
161 400
161 418
161 437
179 400
179 418
179 437
198 400
198 418
198 437
187 409
187 427
187 446
205 409
205 427
205 446
224 409
224 427
224 446
217 425
217 443
217 462
235 425
235 443
235 462
254 425
254 443
254 462
251 440
251 458
251 477
269 440
269 458
269 477
288 440
288 458
288 477
271 441
271 459
271 478
289 441
289 459
289 478
308 441
308 459
308 478
295 438
295 456
295 475
313 438
313 456
313 475
332 438
332 456
332 475
331 427
331 445
331 464
349 427
349 445
349 464
368 427
368 445
368 464
381 418
381 436
381 455
399 418
399 436
399 455
418 418
418 436
418 455
415 408
415 426
415 445
433 408
433 426
433 445
452 408
452 426
452 445
423 406
423 424
423 443
441 406
441 424
441 443
460 406
460 424
460 443
478 371
478 389
478 408
496 371
496 389
496 408
515 371
515 389
515 408
524 348
524 366
524 385
542 348
542 366
542 385
561 348
561 366
561 385
561 336
561 354
561 373
579 336
579 354
579 373
598 336
598 354
598 373
588 320
588 338
588 357
606 320
606 338
606 357
625 320
625 338
625 357
622 306
622 324
622 343
640 306
640 324
640 343
659 306
659 324
659 343
638 292
638 310
638 329
656 292
656 310
656 329
675 292
675 310
675 329
659 272
659 290
659 309
677 272
677 290
677 309
696 272
696 290
696 309
669 267
669 285
669 304
687 267
687 285
687 304
706 267
706 285
706 304
723 251
723 269
723 288
741 251
741 269
741 288
760 251
760 269
760 288
793 221
793 239
793 258
811 221
811 239
811 258
830 221
830 239
830 258
844 212
844 230
844 249
862 212
862 230
862 249
881 212
881 230
881 249
879 208
879 226
879 245
897 208
897 226
897 245
916 208
916 226
916 245
903 202
903 220
903 239
921 202
921 220
921 239
940 202
940 220
940 239
923 200
923 218
923 237
941 200
941 218
941 237
960 200
960 218
960 237
941 200
941 218
941 237
959 200
959 218
959 237
978 200
978 218
978 237
965 200
965 218
965 237
983 200
983 218
983 237
1002 200
1002 218
1002 237
998 200
998 218
998 237
1016 200
1016 218
1016 237
1035 200
1035 218
1035 237
1028 199
1028 217
1028 236
1046 199
1046 217
1046 236
1065 199
1065 217
1065 236
1064 198
1064 216
1064 235
1082 198
1082 216
1082 235
1101 198
1101 216
1101 235
1096 201
1096 219
1096 238
1114 201
1114 219
1114 238
1133 201
1133 219
1133 238
1121 209
1121 227
1121 246
1139 209
1139 227
1139 246
1158 209
1158 227
1158 246
1139 216
1139 234
1139 253
1157 216
1157 234
1157 253
1176 216
1176 234
1176 253
1147 219
1147 237
1147 256
1165 219
1165 237
1165 256
1184 219
1184 237
1184 256
1153 246
1153 264
1153 283
1171 246
1171 264
1171 283
1190 246
1190 264
1190 283
1148 277
1148 295
1148 314
1166 277
1166 295
1166 314
1185 277
1185 295
1185 314
1130 291
1130 309
1130 328
1148 291
1148 309
1148 328
1167 291
1167 309
1167 328
1085 294
1085 312
1085 331
1103 294
1103 312
1103 331
1122 294
1122 312
1122 331
1050 293
1050 311
1050 330
1068 293
1068 311
1068 330
1087 293
1087 311
1087 330
1023 292
1023 310
1023 329
1041 292
1041 310
1041 329
1060 292
1060 310
1060 329
971 297
971 315
971 334
989 297
989 315
989 334
1008 297
1008 315
1008 334
947 301
947 319
947 338
965 301
965 319
965 338
984 301
984 319
984 338
888 304
888 322
888 341
906 304
906 322
906 341
925 304
925 322
925 341
815 336
815 354
815 373
833 336
833 354
833 373
852 336
852 354
852 373
723 392
723 410
723 429
741 392
741 410
741 429
760 392
760 410
760 429
677 415
677 433
677 452
695 415
695 433
695 452
714 415
714 433
714 452
667 424
667 442
667 461
685 424
685 442
685 461
704 424
704 442
704 461
613 416
613 434
613 453
631 416
631 434
631 453
650 416
650 434
650 453
548 426
548 444
548 463
566 426
566 444
566 463
585 426
585 444
585 463
499 451
499 469
499 488
517 451
517 469
517 488
536 451
536 469
536 488
476 468
476 486
476 505
494 468
494 486
494 505
513 468
513 486
513 505
472 473
472 491
472 510
490 473
490 491
490 510
509 473
509 491
509 510
460 482
460 500
460 519
478 482
478 500
478 519
497 482
497 500
497 519
429 500
429 518
429 537
447 500
447 518
447 537
466 500
466 518
466 537
381 511
381 529
381 548
399 511
399 529
399 548
418 511
418 529
418 548
330 517
330 535
330 554
348 517
348 535
348 554
367 517
367 535
367 554
281 518
281 536
281 555
299 518
299 536
299 555
318 518
318 536
318 555
250 514
250 532
250 551
268 514
268 532
268 551
287 514
287 532
287 551
227 508
227 526
227 545
245 508
245 526
245 545
264 508
264 526
264 545
163 476
163 494
163 513
181 476
181 494
181 513
200 476
200 494
200 513
136 448
136 466
136 485
154 448
154 466
154 485
173 448
173 466
173 485
119 432
119 450
119 469
137 432
137 450
137 469
156 432
156 450
156 469
115 418
115 436
115 455
133 418
133 436
133 455
152 418
152 436
152 455
110 388
110 406
110 425
128 388
128 406
128 425
147 388
147 406
147 425
102 361
102 379
102 398
120 361
120 379
120 398
139 361
139 379
139 398
94 352
94 370
94 389
112 352
112 370
112 389
131 352
131 370
131 389
79 359
79 377
79 396
97 359
97 377
97 396
116 359
116 377
116 396
63 397
63 415
63 434
81 397
81 415
81 434
100 397
100 415
100 434
60 448
60 466
60 485
78 448
78 466
78 485
97 448
97 466
97 485
102 504
102 522
102 541
120 504
120 522
120 541
139 504
139 522
139 541
148 532
148 550
148 569
166 532
166 550
166 569
185 532
185 550
185 569
194 530
194 548
194 567
212 530
212 548
212 567
231 530
231 548
231 567
239 529
239 547
239 566
257 529
257 547
257 566
276 529
276 547
276 566
276 529
276 547
276 566
294 529
294 547
294 566
313 529
313 547
313 566
305 530
305 548
305 567
323 530
323 548
323 567
342 530
342 548
342 567
336 532
336 550
336 569
354 532
354 550
354 569
373 532
373 550
373 569
381 528
381 546
381 565
399 528
399 546
399 565
418 528
418 546
418 565
418 526
418 544
418 563
436 526
436 544
436 563
455 526
455 544
455 563
435 524
435 542
435 561
453 524
453 542
453 561
472 524
472 542
472 561
475 528
475 546
475 565
493 528
493 546
493 565
512 528
512 546
512 565
533 521
533 539
533 558
551 521
551 539
551 558
570 521
570 539
570 558
567 509
567 527
567 546
585 509
585 527
585 546
604 509
604 527
604 546
581 488
581 506
581 525
599 488
599 506
599 525
618 488
618 506
618 525
595 454
595 472
595 491
613 454
613 472
613 491
632 454
632 472
632 491
599 421
599 439
599 458
617 421
617 439
617 458
636 421
636 439
636 458
618 402
618 420
618 439
636 402
636 420
636 439
655 402
655 420
655 439
659 380
659 398
659 417
677 380
677 398
677 417
696 380
696 398
696 417
710 382
710 400
710 419
728 382
728 400
728 419
747 382
747 400
747 419
767 464
767 482
767 501
785 464
785 482
785 501
804 464
804 482
804 501
772 539
772 557
772 576
790 539
790 557
790 576
809 539
809 557
809 576
760 548
760 566
760 585
778 548
778 566
778 585
797 548
797 566
797 585
770 533
770 551
770 570
788 533
788 551
788 570
807 533
807 551
807 570
785 492
785 510
785 529
803 492
803 510
803 529
822 492
822 510
822 529
759 432
759 450
759 469
777 432
777 450
777 469
796 432
796 450
796 469
753 386
753 404
753 423
771 386
771 404
771 423
790 386
790 404
790 423
753 371
753 389
753 408
771 371
771 389
771 408
790 371
790 389
790 408
777 374
777 392
777 411
795 374
795 392
795 411
814 374
814 392
814 411
796 380
796 398
796 417
814 380
814 398
814 417
833 380
833 398
833 417
827 418
827 436
827 455
845 418
845 436
845 455
864 418
864 436
864 455
826 495
826 513
826 532
844 495
844 513
844 532
863 495
863 513
863 532
783 508
783 526
783 545
801 508
801 526
801 545
820 508
820 526
820 545
751 458
751 476
751 495
769 458
769 476
769 495
788 458
788 476
788 495
763 340
763 358
763 377
781 340
781 358
781 377
800 340
800 358
800 377
779 308
779 326
779 345
797 308
797 326
797 345
816 308
816 326
816 345
802 331
802 349
802 368
820 331
820 349
820 368
839 331
839 349
839 368
883 418
883 436
883 455
901 418
901 436
901 455
920 418
920 436
920 455
886 440
886 458
886 477
904 440
904 458
904 477
923 440
923 458
923 477
846 448
846 466
846 485
864 448
864 466
864 485
883 448
883 466
883 485
813 428
813 446
813 465
831 428
831 446
831 465
850 428
850 446
850 465
800 361
800 379
800 398
818 361
818 379
818 398
837 361
837 379
837 398
839 308
839 326
839 345
857 308
857 326
857 345
876 308
876 326
876 345
899 301
899 319
899 338
917 301
917 319
917 338
936 301
936 319
936 338
951 361
951 379
951 398
969 361
969 379
969 398
988 361
988 379
988 398
943 408
943 426
943 445
961 408
961 426
961 445
980 408
980 426
980 445
879 425
879 443
879 462
897 425
897 443
897 462
916 425
916 443
916 462
835 396
835 414
835 433
853 396
853 414
853 433
872 396
872 414
872 433
831 334
831 352
831 371
849 334
849 352
849 371
868 334
868 352
868 371
879 303
879 321
879 340
897 303
897 321
897 340
916 303
916 321
916 340
948 354
948 372
948 391
966 354
966 372
966 391
985 354
985 372
985 391
970 416
970 434
970 453
988 416
988 434
988 453
1007 416
1007 434
1007 453
928 444
928 462
928 481
946 444
946 462
946 481
965 444
965 462
965 481
879 419
879 437
879 456
897 419
897 437
897 456
916 419
916 437
916 456
891 360
891 378
891 397
909 360
909 378
909 397
928 360
928 378
928 397
971 325
971 343
971 362
989 325
989 343
989 362
1008 325
1008 343
1008 362
1051 351
1051 369
1051 388
1069 351
1069 369
1069 388
1088 351
1088 369
1088 388
1070 401
1070 419
1070 438
1088 401
1088 419
1088 438
1107 401
1107 419
1107 438
974 417
974 435
974 454
992 417
992 435
992 454
1011 417
1011 435
1011 454
952 404
952 422
952 441
970 404
970 422
970 441
989 404
989 422
989 441
958 340
958 358
958 377
976 340
976 358
976 377
995 340
995 358
995 377
995 303
995 321
995 340
1013 303
1013 321
1013 340
1032 303
1032 321
1032 340
1062 317
1062 335
1062 354
1080 317
1080 335
1080 354
1099 317
1099 335
1099 354
1088 361
1088 379
1088 398
1106 361
1106 379
1106 398
1125 361
1125 379
1125 398
1037 406
1037 424
1037 443
1055 406
1055 424
1055 443
1074 406
1074 424
1074 443
1006 406
1006 424
1006 443
1024 406
1024 424
1024 443
1043 406
1043 424
1043 443
986 325
986 343
986 362
1004 325
1004 343
1004 362
1023 325
1023 343
1023 362
1006 272
1006 290
1006 309
1024 272
1024 290
1024 309
1043 272
1043 290
1043 309
1060 265
1060 283
1060 302
1078 265
1078 283
1078 302
1097 265
1097 283
1097 302
1112 315
1112 333
1112 352
1130 315
1130 333
1130 352
1149 315
1149 333
1149 352
1091 377
1091 395
1091 414
1109 377
1109 395
1109 414
1128 377
1128 395
1128 414
987 400
987 418
987 437
1005 400
1005 418
1005 437
1024 400
1024 418
1024 437
923 363
923 381
923 400
941 363
941 381
941 400
960 363
960 381
960 400
930 291
930 309
930 328
948 291
948 309
948 328
967 291
967 309
967 328
967 250
967 268
967 287
985 250
985 268
985 287
1004 250
1004 268
1004 287
1025 304
1025 322
1025 341
1043 304
1043 322
1043 341
1062 304
1062 322
1062 341
1011 404
1011 422
1011 441
1029 404
1029 422
1029 441
1048 404
1048 422
1048 441
859 464
859 482
859 501
877 464
877 482
877 501
896 464
896 482
896 501
808 460
808 478
808 497
826 460
826 478
826 497
845 460
845 478
845 497
796 405
796 423
796 442
814 405
814 423
814 442
833 405
833 423
833 442
807 366
807 384
807 403
825 366
825 384
825 403
844 366
844 384
844 403
840 367
840 385
840 404
858 367
858 385
858 404
877 367
877 385
877 404
871 432
871 450
871 469
889 432
889 450
889 469
908 432
908 450
908 469
799 486
799 504
799 523
817 486
817 504
817 523
836 486
836 504
836 523
707 479
707 497
707 516
725 479
725 497
725 516
744 479
744 497
744 516
685 424
685 442
685 461
703 424
703 442
703 461
722 424
722 442
722 461
710 367
710 385
710 404
728 367
728 385
728 404
747 367
747 385
747 404
741 366
741 384
741 403
759 366
759 384
759 403
778 366
778 384
778 403
758 428
758 446
758 465
776 428
776 446
776 465
795 428
795 446
795 465
696 483
696 501
696 520
714 483
714 501
714 520
733 483
733 501
733 520
605 490
605 508
605 527
623 490
623 508
623 527
642 490
642 508
642 527
583 456
583 474
583 493
601 456
601 474
601 493
620 456
620 474
620 493
603 396
603 414
603 433
621 396
621 414
621 433
640 396
640 414
640 433
650 368
650 386
650 405
668 368
668 386
668 405
687 368
687 386
687 405
707 436
707 454
707 473
725 436
725 454
725 473
744 436
744 454
744 473
707 499
707 517
707 536
725 499
725 517
725 536
744 499
744 517
744 536
624 523
624 541
624 560
642 523
642 541
642 560
661 523
661 541
661 560
585 484
585 502
585 521
603 484
603 502
603 521
622 484
622 502
622 521
592 427
592 445
592 464
610 427
610 445
610 464
629 427
629 445
629 464
627 404
627 422
627 441
645 404
645 422
645 441
664 404
664 422
664 441
676 471
676 489
676 508
694 471
694 489
694 508
713 471
713 489
713 508
648 538
648 556
648 575
666 538
666 556
666 575
685 538
685 556
685 575
557 554
557 572
557 591
575 554
575 572
575 591
594 554
594 572
594 591
521 524
521 542
521 561
539 524
539 542
539 561
558 524
558 542
558 561
521 474
521 492
521 511
539 474
539 492
539 511
558 474
558 492
558 511
545 446
545 464
545 483
563 446
563 464
563 483
582 446
582 464
582 483
587 464
587 482
587 501
605 464
605 482
605 501
624 464
624 482
624 501
603 506
603 524
603 543
621 506
621 524
621 543
640 506
640 524
640 543
526 534
526 552
526 571
544 534
544 552
544 571
563 534
563 552
563 571
466 528
466 546
466 565
484 528
484 546
484 565
503 528
503 546
503 565
453 484
453 502
453 521
471 484
471 502
471 521
490 484
490 502
490 521
480 443
480 461
480 480
498 443
498 461
498 480
517 443
517 461
517 480
522 458
522 476
522 495
540 458
540 476
540 495
559 458
559 476
559 495
542 521
542 539
542 558
560 521
560 539
560 558
579 521
579 539
579 558
513 572
513 590
513 609
531 572
531 590
531 609
550 572
550 590
550 609
456 576
456 594
456 613
474 576
474 594
474 613
493 576
493 594
493 613
438 520
438 538
438 557
456 520
456 538
456 557
475 520
475 538
475 557
459 452
459 470
459 489
477 452
477 470
477 489
496 452
496 470
496 489
497 426
497 444
497 463
515 426
515 444
515 463
534 426
534 444
534 463
539 468
539 486
539 505
557 468
557 486
557 505
576 468
576 486
576 505
517 533
517 551
517 570
535 533
535 551
535 570
554 533
554 551
554 570
412 585
412 603
412 622
430 585
430 603
430 622
449 585
449 603
449 622
356 569
356 587
356 606
374 569
374 587
374 606
393 569
393 587
393 606
352 525
352 543
352 562
370 525
370 543
370 562
389 525
389 543
389 562
399 491
399 509
399 528
417 491
417 509
417 528
436 491
436 509
436 528
445 516
445 534
445 553
463 516
463 534
463 553
482 516
482 534
482 553
449 578
449 596
449 615
467 578
467 596
467 615
486 578
486 596
486 615
370 612
370 630
370 649
388 612
388 630
388 649
407 612
407 630
407 649
319 586
319 604
319 623
337 586
337 604
337 623
356 586
356 604
356 623
313 537
313 555
313 574
331 537
331 555
331 574
350 537
350 555
350 574
351 500
351 518
351 537
369 500
369 518
369 537
388 500
388 518
388 537
387 510
387 528
387 547
405 510
405 528
405 547
424 510
424 528
424 547
396 569
396 587
396 606
414 569
414 587
414 606
433 569
433 587
433 606
295 608
295 626
295 645
313 608
313 626
313 645
332 608
332 626
332 645
232 598
232 616
232 635
250 598
250 616
250 635
269 598
269 616
269 635
208 544
208 562
208 581
226 544
226 562
226 581
245 544
245 562
245 581
237 497
237 515
237 534
255 497
255 515
255 534
274 497
274 515
274 534
289 487
289 505
289 524
307 487
307 505
307 524
326 487
326 505
326 524
316 540
316 558
316 577
334 540
334 558
334 577
353 540
353 558
353 577
264 584
264 602
264 621
282 584
282 602
282 621
301 584
301 602
301 621
176 578
176 596
176 615
194 578
194 596
194 615
213 578
213 596
213 615
140 524
140 542
140 561
158 524
158 542
158 561
177 524
177 542
177 561
155 469
155 487
155 506
173 469
173 487
173 506
192 469
192 487
192 506
191 450
191 468
191 487
209 450
209 468
209 487
228 450
228 468
228 487
223 500
223 518
223 537
241 500
241 518
241 537
260 500
260 518
260 537
207 539
207 557
207 576
225 539
225 557
225 576
244 539
244 557
244 576
141 533
141 551
141 570
159 533
159 551
159 570
178 533
178 551
178 570
107 483
107 501
107 520
125 483
125 501
125 520
144 483
144 501
144 520
102 433
102 451
102 470
120 433
120 451
120 470
139 433
139 451
139 470
131 408
131 426
131 445
149 408
149 426
149 445
168 408
168 426
168 445
167 417
167 435
167 454
185 417
185 435
185 454
204 417
204 435
204 454
176 471
176 489
176 508
194 471
194 489
194 508
213 471
213 489
213 508
130 492
130 510
130 529
148 492
148 510
148 529
167 492
167 510
167 529
87 456
87 474
87 493
105 456
105 474
105 493
124 456
124 474
124 493
74 381
74 399
74 418
92 381
92 399
92 418
111 381
111 399
111 418
79 342
79 360
79 379
97 342
97 360
97 379
116 342
116 360
116 379
99 338
99 356
99 375
117 338
117 356
117 375
136 338
136 356
136 375
131 380
131 398
131 417
149 380
149 398
149 417
168 380
168 398
168 417
127 409
127 427
127 446
145 409
145 427
145 446
164 409
164 427
164 446
92 412
92 430
92 449
110 412
110 430
110 449
129 412
129 430
129 449
63 366
63 384
63 403
81 366
81 384
81 403
100 366
100 384
100 403
62 316
62 334
62 353
80 316
80 334
80 353
99 316
99 334
99 353
67 287
67 305
67 324
85 287
85 305
85 324
104 287
104 305
104 324
67 281
67 299
67 318
85 281
85 299
85 318
104 281
104 299
104 318
67 269
67 287
67 306
85 269
85 287
85 306
104 269
104 287
104 306
67 260
67 278
67 297
85 260
85 278
85 297
104 260
104 278
104 297
63 253
63 271
63 290
81 253
81 271
81 290
100 253
100 271
100 290
59 242
59 260
59 279
77 242
77 260
77 279
96 242
96 260
96 279
61 239
61 257
61 276
79 239
79 257
79 276
98 239
98 257
98 276
99 267
99 285
99 304
117 267
117 285
117 304
136 267
136 285
136 304
131 310
131 328
131 347
149 310
149 328
149 347
168 310
168 328
168 347
151 343
151 361
151 380
169 343
169 361
169 380
188 343
188 361
188 380
163 369
163 387
163 406
181 369
181 387
181 406
200 369
200 387
200 406
167 377
167 395
167 414
185 377
185 395
185 414
204 377
204 395
204 414
175 386
175 404
175 423
193 386
193 404
193 423
212 386
212 404
212 423
191 390
191 408
191 427
209 390
209 408
209 427
228 390
228 408
228 427
210 400
210 418
210 437
228 400
228 418
228 437
247 400
247 418
247 437
230 409
230 427
230 446
248 409
248 427
248 446
267 409
267 427
267 446
242 419
242 437
242 456
260 419
260 437
260 456
279 419
279 437
279 456
256 427
256 445
256 464
274 427
274 445
274 464
293 427
293 445
293 464
267 436
267 454
267 473
285 436
285 454
285 473
304 436
304 454
304 473
279 446
279 464
279 483
297 446
297 464
297 483
316 446
316 464
316 483
291 451
291 469
291 488
309 451
309 469
309 488
328 451
328 469
328 488
305 451
305 469
305 488
323 451
323 469
323 488
342 451
342 469
342 488
324 449
324 467
324 486
342 449
342 467
342 486
361 449
361 467
361 486
340 445
340 463
340 482
358 445
358 463
358 482
377 445
377 463
377 482
360 440
360 458
360 477
378 440
378 458
378 477
397 440
397 458
397 477
377 435
377 453
377 472
395 435
395 453
395 472
414 435
414 453
414 472
393 430
393 448
393 467
411 430
411 448
411 467
430 430
430 448
430 467
410 424
410 442
410 461
428 424
428 442
428 461
447 424
447 442
447 461
423 415
423 433
423 452
441 415
441 433
441 452
460 415
460 433
460 452
445 400
445 418
445 437
463 400
463 418
463 437
482 400
482 418
482 437
456 389
456 407
456 426
474 389
474 407
474 426
493 389
493 407
493 426
487 368
487 386
487 405
505 368
505 386
505 405
524 368
524 386
524 405
521 348
521 366
521 385
539 348
539 366
539 385
558 348
558 366
558 385
543 332
543 350
543 369
561 332
561 350
561 369
580 332
580 350
580 369
556 324
556 342
556 361
574 324
574 342
574 361
593 324
593 342
593 361
575 316
575 334
575 353
593 316
593 334
593 353
612 316
612 334
612 353
587 306
587 324
587 343
605 306
605 324
605 343
624 306
624 324
624 343
607 294
607 312
607 331
625 294
625 312
625 331
644 294
644 312
644 331
628 285
628 303
628 322
646 285
646 303
646 322
665 285
665 303
665 322
654 276
654 294
654 313
672 276
672 294
672 313
691 276
691 294
691 313
671 267
671 285
671 304
689 267
689 285
689 304
708 267
708 285
708 304
691 260
691 278
691 297
709 260
709 278
709 297
728 260
728 278
728 297
701 256
701 274
701 293
719 256
719 274
719 293
738 256
738 274
738 293
712 251
712 269
712 288
730 251
730 269
730 288
749 251
749 269
749 288
728 243
728 261
728 280
746 243
746 261
746 280
765 243
765 261
765 280
743 235
743 253
743 272
761 235
761 253
761 272
780 235
780 253
780 272
766 227
766 245
766 264
784 227
784 245
784 264
803 227
803 245
803 264
793 218
793 236
793 255
811 218
811 236
811 255
830 218
830 236
830 255
839 212
839 230
839 249
857 212
857 230
857 249
876 212
876 230
876 249
871 203
871 221
871 240
889 203
889 221
889 240
908 203
908 221
908 240
896 201
896 219
896 238
914 201
914 219
914 238
933 201
933 219
933 238
943 201
943 219
943 238
961 201
961 219
961 238
980 201
980 219
980 238
987 198
987 216
987 235
1005 198
1005 216
1005 235
1024 198
1024 216
1024 235
1021 192
1021 210
1021 229
1039 192
1039 210
1039 229
1058 192
1058 210
1058 229
1050 191
1050 209
1050 228
1068 191
1068 209
1068 228
1087 191
1087 209
1087 228
1064 192
1064 210
1064 229
1082 192
1082 210
1082 229
1101 192
1101 210
1101 229
1088 200
1088 218
1088 237
1106 200
1106 218
1106 237
1125 200
1125 218
1125 237
1114 205
1114 223
1114 242
1132 205
1132 223
1132 242
1151 205
1151 223
1151 242
1135 211
1135 229
1135 248
1153 211
1153 229
1153 248
1172 211
1172 229
1172 248
1143 218
1143 236
1143 255
1161 218
1161 236
1161 255
1180 218
1180 236
1180 255
1144 240
1144 258
1144 277
1162 240
1162 258
1162 277
1181 240
1181 258
1181 277
1143 253
1143 271
1143 290
1161 253
1161 271
1161 290
1180 253
1180 271
1180 290
1140 260
1140 278
1140 297
1158 260
1158 278
1158 297
1177 260
1177 278
1177 297
1115 272
1115 290
1115 309
1133 272
1133 290
1133 309
1152 272
1152 290
1152 309
1087 274
1087 292
1087 311
1105 274
1105 292
1105 311
1124 274
1124 292
1124 311
1052 274
1052 292
1052 311
1070 274
1070 292
1070 311
1089 274
1089 292
1089 311
999 275
999 293
999 312
1017 275
1017 293
1017 312
1036 275
1036 293
1036 312
942 276
942 294
942 313
960 276
960 294
960 313
979 276
979 294
979 313
874 278
874 296
874 315
892 278
892 296
892 315
911 278
911 296
911 315
828 288
828 306
828 325
846 288
846 306
846 325
865 288
865 306
865 325
784 309
784 327
784 346
802 309
802 327
802 346
821 309
821 327
821 346
755 338
755 356
755 375
773 338
773 356
773 375
792 338
792 356
792 375
729 360
729 378
729 397
747 360
747 378
747 397
766 360
766 378
766 397
719 368
719 386
719 405
737 368
737 386
737 405
756 368
756 386
756 405
715 367
715 385
715 404
733 367
733 385
733 404
752 367
752 385
752 404
705 358
705 376
705 395
723 358
723 376
723 395
742 358
742 376
742 395
703 353
703 371
703 390
721 353
721 371
721 390
740 353
740 371
740 390
724 340
724 358
724 377
742 340
742 358
742 377
761 340
761 358
761 377
731 333
731 351
731 370
749 333
749 351
749 370
768 333
768 351
768 370
LINES:
0 1000 0 0
0 0 1280 0
1280 0 1280 1000
1150 146 1150 90
1150 90 61 90
61 90 60 152
60 152 126 350
126 350 550 150
550 150 1150 146
PUMPS:
1000 1150 0 90 -300 0
