PARTICLES:
436 668
436 686
436 705
454 668
454 686
454 705
473 668
473 686
473 705
395 664
395 682
395 701
413 664
413 682
413 701
432 664
432 682
432 701
358 663
358 681
358 700
376 663
376 681
376 700
395 663
395 681
395 700
324 657
324 675
324 694
342 657
342 675
342 694
361 657
361 675
361 694
308 651
308 669
308 688
326 651
326 669
326 688
345 651
345 669
345 688
303 645
303 663
303 682
321 645
321 663
321 682
340 645
340 663
340 682
316 636
316 654
316 673
334 636
334 654
334 673
353 636
353 654
353 673
356 635
356 653
356 672
374 635
374 653
374 672
393 635
393 653
393 672
399 635
399 653
399 672
417 635
417 653
417 672
436 635
436 653
436 672
441 637
441 655
441 674
459 637
459 655
459 674
478 637
478 655
478 674
481 637
481 655
481 674
499 637
499 655
499 674
518 637
518 655
518 674
508 637
508 655
508 674
526 637
526 655
526 674
545 637
545 655
545 674
535 635
535 653
535 672
553 635
553 653
553 672
572 635
572 653
572 672
571 635
571 653
571 672
589 635
589 653
589 672
608 635
608 653
608 672
610 638
610 656
610 675
628 638
628 656
628 675
647 638
647 656
647 675
650 642
650 660
650 679
668 642
668 660
668 679
687 642
687 660
687 679
686 642
686 660
686 679
704 642
704 660
704 679
723 642
723 660
723 679
716 641
716 659
716 678
734 641
734 659
734 678
753 641
753 659
753 678
749 640
749 658
749 677
767 640
767 658
767 677
786 640
786 658
786 677
783 640
783 658
783 677
801 640
801 658
801 677
820 640
820 658
820 677
810 644
810 662
810 681
828 644
828 662
828 681
847 644
847 662
847 681
844 647
844 665
844 684
862 647
862 665
862 684
881 647
881 665
881 684
882 646
882 664
882 683
900 646
900 664
900 683
919 646
919 664
919 683
924 646
924 664
924 683
942 646
942 664
942 683
961 646
961 664
961 683
952 644
952 662
952 681
970 644
970 662
970 681
989 644
989 662
989 681
967 638
967 656
967 675
985 638
985 656
985 675
1004 638
1004 656
1004 675
969 633
969 651
969 670
987 633
987 651
987 670
1006 633
1006 651
1006 670
949 620
949 638
949 657
967 620
967 638
967 657
986 620
986 638
986 657
928 613
928 631
928 650
946 613
946 631
946 650
965 613
965 631
965 650
896 610
896 628
896 647
914 610
914 628
914 647
933 610
933 628
933 647
860 615
860 633
860 652
878 615
878 633
878 652
897 615
897 633
897 652
828 622
828 640
828 659
846 622
846 640
846 659
865 622
865 640
865 659
793 623
793 641
793 660
811 623
811 641
811 660
830 623
830 641
830 660
763 624
763 642
763 661
781 624
781 642
781 661
800 624
800 642
800 661
724 624
724 642
724 661
742 624
742 642
742 661
761 624
761 642
761 661
680 622
680 640
680 659
698 622
698 640
698 659
717 622
717 640
717 659
636 619
636 637
636 656
654 619
654 637
654 656
673 619
673 637
673 656
601 619
601 637
601 656
619 619
619 637
619 656
638 619
638 637
638 656
573 614
573 632
573 651
591 614
591 632
591 651
610 614
610 632
610 651
550 613
550 631
550 650
568 613
568 631
568 650
587 613
587 631
587 650
524 613
524 631
524 650
542 613
542 631
542 650
561 613
561 631
561 650
492 617
492 635
492 654
510 617
510 635
510 654
529 617
529 635
529 654
449 619
449 637
449 656
467 619
467 637
467 656
486 619
486 637
486 656
404 619
404 637
404 656
422 619
422 637
422 656
441 619
441 637
441 656
360 621
360 639
360 658
378 621
378 639
378 658
397 621
397 639
397 658
328 625
328 643
328 662
346 625
346 643
346 662
365 625
365 643
365 662
297 626
297 644
297 663
315 626
315 644
315 663
334 626
334 644
334 663
270 624
270 642
270 661
288 624
288 642
288 661
307 624
307 642
307 661
242 618
242 636
242 655
260 618
260 636
260 655
279 618
279 636
279 655
230 615
230 633
230 652
248 615
248 633
248 652
267 615
267 633
267 652
216 612
216 630
216 649
234 612
234 630
234 649
253 612
253 630
253 649
184 604
184 622
184 641
202 604
202 622
202 641
221 604
221 622
221 641
153 595
153 613
153 632
171 595
171 613
171 632
190 595
190 613
190 632
136 588
136 606
136 625
154 588
154 606
154 625
173 588
173 606
173 625
128 585
128 603
128 622
146 585
146 603
146 622
165 585
165 603
165 622
124 581
124 599
124 618
142 581
142 599
142 618
161 581
161 599
161 618
121 576
121 594
121 613
139 576
139 594
139 613
158 576
158 594
158 613
117 568
117 586
117 605
135 568
135 586
135 605
154 568
154 586
154 605
113 560
113 578
113 597
131 560
131 578
131 597
150 560
150 578
150 597
108 552
108 570
108 589
126 552
126 570
126 589
145 552
145 570
145 589
104 544
104 562
104 581
122 544
122 562
122 581
141 544
141 562
141 581
100 533
100 551
100 570
118 533
118 551
118 570
137 533
137 551
137 570
95 524
95 542
95 561
113 524
113 542
113 561
132 524
132 542
132 561
87 510
87 528
87 547
105 510
105 528
105 547
124 510
124 528
124 547
82 498
82 516
82 535
100 498
100 516
100 535
119 498
119 516
119 535
77 489
77 507
77 526
95 489
95 507
95 526
114 489
114 507
114 526
72 481
72 499
72 518
90 481
90 499
90 518
109 481
109 499
109 518
66 472
66 490
66 509
84 472
84 490
84 509
103 472
103 490
103 509
60 464
60 482
60 501
78 464
78 482
78 501
97 464
97 482
97 501
56 456
56 474
56 493
74 456
74 474
74 493
93 456
93 474
93 493
54 452
54 470
54 489
72 452
72 470
72 489
91 452
91 470
91 489
52 447
52 465
52 484
70 447
70 465
70 484
89 447
89 465
89 484
60 453
60 471
60 490
78 453
78 471
78 490
97 453
97 471
97 490
78 476
78 494
78 513
96 476
96 494
96 513
115 476
115 494
115 513
92 496
92 514
92 533
110 496
110 514
110 533
129 496
129 514
129 533
104 511
104 529
104 548
122 511
122 529
122 548
141 511
141 529
141 548
116 526
116 544
116 563
134 526
134 544
134 563
153 526
153 544
153 563
125 537
125 555
125 574
143 537
143 555
143 574
162 537
162 555
162 574
134 547
134 565
134 584
152 547
152 565
152 584
171 547
171 565
171 584
142 558
142 576
142 595
160 558
160 576
160 595
179 558
179 576
179 595
152 568
152 586
152 605
170 568
170 586
170 605
189 568
189 586
189 605
159 577
159 595
159 614
177 577
177 595
177 614
196 577
196 595
196 614
166 583
166 601
166 620
184 583
184 601
184 620
203 583
203 601
203 620
176 590
176 608
176 627
194 590
194 608
194 627
213 590
213 608
213 627
192 594
192 612
192 631
210 594
210 612
210 631
229 594
229 612
229 631
207 596
207 614
207 633
225 596
225 614
225 633
244 596
244 614
244 633
228 596
228 614
228 633
246 596
246 614
246 633
265 596
265 614
265 633
246 596
246 614
246 633
264 596
264 614
264 633
283 596
283 614
283 633
272 599
272 617
272 636
290 599
290 617
290 636
309 599
309 617
309 636
288 600
288 618
288 637
306 600
306 618
306 637
325 600
325 618
325 637
300 600
300 618
300 637
318 600
318 618
318 637
337 600
337 618
337 637
330 596
330 614
330 633
348 596
348 614
348 633
367 596
367 614
367 633
390 596
390 614
390 633
408 596
408 614
408 633
427 596
427 614
427 633
439 596
439 614
439 633
457 596
457 614
457 633
476 596
476 614
476 633
471 596
471 614
471 633
489 596
489 614
489 633
508 596
508 614
508 633
492 596
492 614
492 633
510 596
510 614
510 633
529 596
529 614
529 633
518 597
518 615
518 634
536 597
536 615
536 634
555 597
555 615
555 634
550 596
550 614
550 633
568 596
568 614
568 633
587 596
587 614
587 633
569 594
569 612
569 631
587 594
587 612
587 631
606 594
606 612
606 631
577 594
577 612
577 631
595 594
595 612
595 631
614 594
614 612
614 631
639 594
639 612
639 631
657 594
657 612
657 631
676 594
676 612
676 631
685 594
685 612
685 631
703 594
703 612
703 631
722 594
722 612
722 631
718 594
718 612
718 631
736 594
736 612
736 631
755 594
755 612
755 631
742 594
742 612
742 631
760 594
760 612
760 631
779 594
779 612
779 631
756 594
756 612
756 631
774 594
774 612
774 631
793 594
793 612
793 631
772 593
772 611
772 630
790 593
790 611
790 630
809 593
809 611
809 630
781 593
781 611
781 630
799 593
799 611
799 630
818 593
818 611
818 630
811 593
811 611
811 630
829 593
829 611
829 630
848 593
848 611
848 630
868 594
868 612
868 631
886 594
886 612
886 631
905 594
905 612
905 631
911 596
911 614
911 633
929 596
929 614
929 633
948 596
948 614
948 633
932 596
932 614
932 633
950 596
950 614
950 633
969 596
969 614
969 633
952 596
952 614
952 633
970 596
970 614
970 633
989 596
989 614
989 633
965 596
965 614
965 633
983 596
983 614
983 633
1002 596
1002 614
1002 633
984 596
984 614
984 633
1002 596
1002 614
1002 633
1021 596
1021 614
1021 633
1000 596
1000 614
1000 633
1018 596
1018 614
1018 633
1037 596
1037 614
1037 633
1027 596
1027 614
1027 633
1045 596
1045 614
1045 633
1064 596
1064 614
1064 633
1044 596
1044 614
1044 633
1062 596
1062 614
1062 633
1081 596
1081 614
1081 633
1062 598
1062 616
1062 635
1080 598
1080 616
1080 635
1099 598
1099 616
1099 635
1071 601
1071 619
1071 638
1089 601
1089 619
1089 638
1108 601
1108 619
1108 638
1084 606
1084 624
1084 643
1102 606
1102 624
1102 643
1121 606
1121 624
1121 643
1095 613
1095 631
1095 650
1113 613
1113 631
1113 650
1132 613
1132 631
1132 650
1101 617
1101 635
1101 654
1119 617
1119 635
1119 654
1138 617
1138 635
1138 654
1105 623
1105 641
1105 660
1123 623
1123 641
1123 660
1142 623
1142 641
1142 660
1109 632
1109 650
1109 669
1127 632
1127 650
1127 669
1146 632
1146 650
1146 669
1110 640
1110 658
1110 677
1128 640
1128 658
1128 677
1147 640
1147 658
1147 677
1116 645
1116 663
1116 682
1134 645
1134 663
1134 682
1153 645
1153 663
1153 682
1118 650
1118 668
1118 687
1136 650
1136 668
1136 687
1155 650
1155 668
1155 687
1104 655
1104 673
1104 692
1122 655
1122 673
1122 692
1141 655
1141 673
1141 692
1081 656
1081 674
1081 693
1099 656
1099 674
1099 693
1118 656
1118 674
1118 693
1067 652
1067 670
1067 689
1085 652
1085 670
1085 689
1104 652
1104 670
1104 689
1059 648
1059 666
1059 685
1077 648
1077 666
1077 685
1096 648
1096 666
1096 685
1057 636
1057 654
1057 673
1075 636
1075 654
1075 673
1094 636
1094 654
1094 673
1068 632
1068 650
1068 669
1086 632
1086 650
1086 669
1105 632
1105 650
1105 669
1083 653
1083 671
1083 690
1101 653
1101 671
1101 690
1120 653
1120 671
1120 690
1047 680
1047 698
1047 717
1065 680
1065 698
1065 717
1084 680
1084 698
1084 717
1004 671
1004 689
1004 708
1022 671
1022 689
1022 708
1041 671
1041 689
1041 708
977 644
977 662
977 681
995 644
995 662
995 681
1014 644
1014 662
1014 681
972 628
972 646
972 665
990 628
990 646
990 665
1009 628
1009 646
1009 665
991 631
991 649
991 668
1009 631
1009 649
1009 668
1028 631
1028 649
1028 668
989 644
989 662
989 681
1007 644
1007 662
1007 681
1026 644
1026 662
1026 681
929 644
929 662
929 681
947 644
947 662
947 681
966 644
966 662
966 681
916 628
916 646
916 665
934 628
934 646
934 665
953 628
953 646
953 665
915 616
915 634
915 653
933 616
933 634
933 653
952 616
952 634
952 653
920 616
920 634
920 653
938 616
938 634
938 653
957 616
957 634
957 653
863 635
863 653
863 672
881 635
881 653
881 672
900 635
900 653
900 672
817 629
817 647
817 666
835 629
835 647
835 666
854 629
854 647
854 666
810 624
810 642
810 661
828 624
828 642
828 661
847 624
847 642
847 661
827 621
827 639
827 658
845 621
845 639
845 658
864 621
864 639
864 658
852 637
852 655
852 674
870 637
870 655
870 674
889 637
889 655
889 674
830 653
830 671
830 690
848 653
848 671
848 690
867 653
867 671
867 690
778 638
778 656
778 675
796 638
796 656
796 675
815 638
815 656
815 675
764 624
764 642
764 661
782 624
782 642
782 661
801 624
801 642
801 661
764 620
764 638
764 657
782 620
782 638
782 657
801 620
801 638
801 657
779 636
779 654
779 673
797 636
797 654
797 673
816 636
816 654
816 673
736 655
736 673
736 692
754 655
754 673
754 692
773 655
773 673
773 692
677 642
677 660
677 679
695 642
695 660
695 679
714 642
714 660
714 679
664 632
664 650
664 669
682 632
682 650
682 669
701 632
701 650
701 669
676 624
676 642
676 661
694 624
694 642
694 661
713 624
713 642
713 661
702 634
702 652
702 671
720 634
720 652
720 671
739 634
739 652
739 671
698 653
698 671
698 690
716 653
716 671
716 690
735 653
735 671
735 690
614 646
614 664
614 683
632 646
632 664
632 683
651 646
651 664
651 683
580 624
580 642
580 661
598 624
598 642
598 661
617 624
617 642
617 661
576 618
576 636
576 655
594 618
594 636
594 655
613 618
613 636
613 655
584 628
584 646
584 665
602 628
602 646
602 665
621 628
621 646
621 665
570 648
570 666
570 685
588 648
588 666
588 685
607 648
607 666
607 685
532 636
532 654
532 673
550 636
550 654
550 673
569 636
569 654
569 673
513 630
513 648
513 667
531 630
531 648
531 667
550 630
550 648
550 667
422 648
422 666
422 685
440 648
440 666
440 685
459 648
459 666
459 685
324 657
324 675
324 694
342 657
342 675
342 694
361 657
361 675
361 694
263 658
263 676
263 695
281 658
281 676
281 695
300 658
300 676
300 695
235 658
235 676
235 695
253 658
253 676
253 695
272 658
272 676
272 695
215 659
215 677
215 696
233 659
233 677
233 696
252 659
252 677
252 696
198 659
198 677
198 696
216 659
216 677
216 696
235 659
235 677
235 696
210 659
210 677
210 696
228 659
228 677
228 696
247 659
247 677
247 696
224 659
224 677
224 696
242 659
242 677
242 696
261 659
261 677
261 696
179 673
179 691
179 710
197 673
197 691
197 710
216 673
216 691
216 710
109 671
109 689
109 708
127 671
127 689
127 708
146 671
146 689
146 708
76 660
76 678
76 697
94 660
94 678
94 697
113 660
113 678
113 697
54 635
54 653
54 672
72 635
72 653
72 672
91 635
91 653
91 672
54 621
54 639
54 658
72 621
72 639
72 658
91 621
91 639
91 658
68 604
68 622
68 641
86 604
86 622
86 641
105 604
105 622
105 641
73 592
73 610
73 629
91 592
91 610
91 629
110 592
110 610
110 629
72 585
72 603
72 622
90 585
90 603
90 622
109 585
109 603
109 622
63 575
63 593
63 612
81 575
81 593
81 612
100 575
100 593
100 612
62 539
62 557
62 576
80 539
80 557
80 576
99 539
99 557
99 576
64 520
64 538
64 557
82 520
82 538
82 557
101 520
101 538
101 557
56 550
56 568
56 587
74 550
74 568
74 587
93 550
93 568
93 587
48 582
48 600
48 619
66 582
66 600
66 619
85 582
85 600
85 619
40 621
40 639
40 658
58 621
58 639
58 658
77 621
77 639
77 658
36 641
36 659
36 678
54 641
54 659
54 678
73 641
73 659
73 678
35 656
35 674
35 693
53 656
53 674
53 693
72 656
72 674
72 693
35 664
35 682
35 701
53 664
53 682
53 701
72 664
72 682
72 701
41 670
41 688
41 707
59 670
59 688
59 707
78 670
78 688
78 707
70 674
70 692
70 711
88 674
88 692
88 711
107 674
107 692
107 711
122 668
122 686
122 705
140 668
140 686
140 705
159 668
159 686
159 705
175 665
175 683
175 702
193 665
193 683
193 702
212 665
212 683
212 702
232 665
232 683
232 702
250 665
250 683
250 702
269 665
269 683
269 702
284 666
284 684
284 703
302 666
302 684
302 703
321 666
321 684
321 703
332 668
332 686
332 705
350 668
350 686
350 705
369 668
369 686
369 705
384 668
384 686
384 705
402 668
402 686
402 705
421 668
421 686
421 705
435 668
435 686
435 705
453 668
453 686
453 705
472 668
472 686
472 705
486 668
486 686
486 705
504 668
504 686
504 705
523 668
523 686
523 705
543 668
543 686
543 705
561 668
561 686
561 705
580 668
580 686
580 705
592 668
592 686
592 705
610 668
610 686
610 705
629 668
629 686
629 705
619 668
619 686
619 705
637 668
637 686
637 705
656 668
656 686
656 705
676 676
676 694
676 713
694 676
694 694
694 713
713 676
713 694
713 713
753 681
753 699
753 718
771 681
771 699
771 718
790 681
790 699
790 718
812 682
812 700
812 719
830 682
830 700
830 719
849 682
849 700
849 719
859 684
859 702
859 721
877 684
877 702
877 721
896 684
896 702
896 721
895 684
895 702
895 721
913 684
913 702
913 721
932 684
932 702
932 721
916 684
916 702
916 721
934 684
934 702
934 721
953 684
953 702
953 721
938 683
938 701
938 720
956 683
956 701
956 720
975 683
975 701
975 720
957 682
957 700
957 719
975 682
975 700
975 719
994 682
994 700
994 719
980 682
980 700
980 719
998 682
998 700
998 719
1017 682
1017 700
1017 719
999 682
999 700
999 719
1017 682
1017 700
1017 719
1036 682
1036 700
1036 719
1021 682
1021 700
1021 719
1039 682
1039 700
1039 719
1058 682
1058 700
1058 719
1050 683
1050 701
1050 720
1068 683
1068 701
1068 720
1087 683
1087 701
1087 720
1072 683
1072 701
1072 720
1090 683
1090 701
1090 720
1109 683
1109 701
1109 720
1092 680
1092 698
1092 717
1110 680
1110 698
1110 717
1129 680
1129 698
1129 717
1105 677
1105 695
1105 714
1123 677
1123 695
1123 714
1142 677
1142 695
1142 714
1115 674
1115 692
1115 711
1133 674
1133 692
1133 711
1152 674
1152 692
1152 711
1117 670
1117 688
1117 707
1135 670
1135 688
1135 707
1154 670
1154 688
1154 707
1105 656
1105 674
1105 693
1123 656
1123 674
1123 693
1142 656
1142 674
1142 693
1091 645
1091 663
1091 682
1109 645
1109 663
1109 682
1128 645
1128 663
1128 682
1085 641
1085 659
1085 678
1103 641
1103 659
1103 678
1122 641
1122 659
1122 678
1077 635
1077 653
1077 672
1095 635
1095 653
1095 672
1114 635
1114 653
1114 672
1063 619
1063 637
1063 656
1081 619
1081 637
1081 656
1100 619
1100 637
1100 656
1033 613
1033 631
1033 650
1051 613
1051 631
1051 650
1070 613
1070 631
1070 650
996 611
996 629
996 648
1014 611
1014 629
1014 648
1033 611
1033 629
1033 648
965 611
965 629
965 648
983 611
983 629
983 648
1002 611
1002 629
1002 648
932 606
932 624
932 643
950 606
950 624
950 643
969 606
969 624
969 643
878 593
878 611
878 630
896 593
896 611
896 630
915 593
915 611
915 630
834 586
834 604
834 623
852 586
852 604
852 623
871 586
871 604
871 623
787 584
787 602
787 621
805 584
805 602
805 621
824 584
824 602
824 621
753 584
753 602
753 621
771 584
771 602
771 621
790 584
790 602
790 621
740 584
740 602
740 621
758 584
758 602
758 621
777 584
777 602
777 621
711 582
711 600
711 619
729 582
729 600
729 619
748 582
748 600
748 619
640 580
640 598
640 617
658 580
658 598
658 617
677 580
677 598
677 617
594 580
594 598
594 617
612 580
612 598
612 617
631 580
631 598
631 617
568 580
568 598
568 617
586 580
586 598
586 617
605 580
605 598
605 617
556 580
556 598
556 617
574 580
574 598
574 617
593 580
593 598
593 617
543 580
543 598
543 617
561 580
561 598
561 617
580 580
580 598
580 617
533 580
533 598
533 617
551 580
551 598
551 617
570 580
570 598
570 617
519 580
519 598
519 617
537 580
537 598
537 617
556 580
556 598
556 617
501 580
501 598
501 617
519 580
519 598
519 617
538 580
538 598
538 617
482 580
482 598
482 617
500 580
500 598
500 617
519 580
519 598
519 617
463 580
463 598
463 617
481 580
481 598
481 617
500 580
500 598
500 617
443 580
443 598
443 617
461 580
461 598
461 617
480 580
480 598
480 617
425 579
425 597
425 616
443 579
443 597
443 616
462 579
462 597
462 616
412 577
412 595
412 614
430 577
430 595
430 614
449 577
449 595
449 614
386 573
386 591
386 610
404 573
404 591
404 610
423 573
423 591
423 610
342 572
342 590
342 609
360 572
360 590
360 609
379 572
379 590
379 609
313 571
313 589
313 608
331 571
331 589
331 608
350 571
350 589
350 608
299 568
299 586
299 605
317 568
317 586
317 605
336 568
336 586
336 605
290 567
290 585
290 604
308 567
308 585
308 604
327 567
327 585
327 604
284 567
284 585
284 604
302 567
302 585
302 604
321 567
321 585
321 604
273 566
273 584
273 603
291 566
291 584
291 603
310 566
310 584
310 603
260 566
260 584
260 603
278 566
278 584
278 603
297 566
297 584
297 603
251 566
251 584
251 603
269 566
269 584
269 603
288 566
288 584
288 603
243 566
243 584
243 603
261 566
261 584
261 603
280 566
280 584
280 603
233 566
233 584
233 603
251 566
251 584
251 603
270 566
270 584
270 603
225 566
225 584
225 603
243 566
243 584
243 603
262 566
262 584
262 603
219 566
219 584
219 603
237 566
237 584
237 603
256 566
256 584
256 603
212 566
212 584
212 603
230 566
230 584
230 603
249 566
249 584
249 603
205 566
205 584
205 603
223 566
223 584
223 603
242 566
242 584
242 603
197 567
197 585
197 604
215 567
215 585
215 604
234 567
234 585
234 604
189 567
189 585
189 604
207 567
207 585
207 604
226 567
226 585
226 604
180 567
180 585
180 604
198 567
198 585
198 604
217 567
217 585
217 604
168 563
168 581
168 600
186 563
186 581
186 600
205 563
205 581
205 600
160 561
160 579
160 598
178 561
178 579
178 598
197 561
197 579
197 598
155 558
155 576
155 595
173 558
173 576
173 595
192 558
192 576
192 595
178 568
178 586
178 605
196 568
196 586
196 605
215 568
215 586
215 605
197 571
197 589
197 608
215 571
215 589
215 608
234 571
234 589
234 608
236 575
236 593
236 612
254 575
254 593
254 612
273 575
273 593
273 612
270 577
270 595
270 614
288 577
288 595
288 614
307 577
307 595
307 614
300 580
300 598
300 617
318 580
318 598
318 617
337 580
337 598
337 617
327 581
327 599
327 618
345 581
345 599
345 618
364 581
364 599
364 618
344 582
344 600
344 619
362 582
362 600
362 619
381 582
381 600
381 619
358 584
358 602
358 621
376 584
376 602
376 621
395 584
395 602
395 621
368 585
368 603
368 622
386 585
386 603
386 622
405 585
405 603
405 622
378 586
378 604
378 623
396 586
396 604
396 623
415 586
415 604
415 623
396 586
396 604
396 623
414 586
414 604
414 623
433 586
433 604
433 623
416 584
416 602
416 621
434 584
434 602
434 621
453 584
453 602
453 621
438 579
438 597
438 616
456 579
456 597
456 616
475 579
475 597
475 616
458 574
458 592
458 611
476 574
476 592
476 611
495 574
495 592
495 611
475 572
475 590
475 609
493 572
493 590
493 609
512 572
512 590
512 609
490 572
490 590
490 609
508 572
508 590
508 609
527 572
527 590
527 609
505 571
505 589
505 608
523 571
523 589
523 608
542 571
542 589
542 608
515 571
515 589
515 608
533 571
533 589
533 608
552 571
552 589
552 608
536 571
536 589
536 608
554 571
554 589
554 608
573 571
573 589
573 608
548 571
548 589
548 608
566 571
566 589
566 608
585 571
585 589
585 608
561 571
561 589
561 608
579 571
579 589
579 608
598 571
598 589
598 608
604 568
604 586
604 605
622 568
622 586
622 605
641 568
641 586
641 605
661 568
661 586
661 605
679 568
679 586
679 605
698 568
698 586
698 605
700 570
700 588
700 607
718 570
718 588
718 607
737 570
737 588
737 607
725 571
725 589
725 608
743 571
743 589
743 608
762 571
762 589
762 608
745 571
745 589
745 608
763 571
763 589
763 608
782 571
782 589
782 608
760 571
760 589
760 608
778 571
778 589
778 608
797 571
797 589
797 608
772 571
772 589
772 608
790 571
790 589
790 608
809 571
809 589
809 608
781 571
781 589
781 608
799 571
799 589
799 608
818 571
818 589
818 608
790 571
790 589
790 608
808 571
808 589
808 608
827 571
827 589
827 608
804 572
804 590
804 609
822 572
822 590
822 609
841 572
841 590
841 609
818 572
818 590
818 609
836 572
836 590
836 609
855 572
855 590
855 609
848 572
848 590
848 609
866 572
866 590
866 609
885 572
885 590
885 609
863 575
863 593
863 612
881 575
881 593
881 612
900 575
900 593
900 612
873 577
873 595
873 614
891 577
891 595
891 614
910 577
910 595
910 614
882 577
882 595
882 614
900 577
900 595
900 614
919 577
919 595
919 614
918 578
918 596
918 615
936 578
936 596
936 615
955 578
955 596
955 615
945 579
945 597
945 616
963 579
963 597
963 616
982 579
982 597
982 616
960 579
960 597
960 616
978 579
978 597
978 616
997 579
997 597
997 616
968 579
968 597
968 616
986 579
986 597
986 616
1005 579
1005 597
1005 616
976 578
976 596
976 615
994 578
994 596
994 615
1013 578
1013 596
1013 615
984 577
984 595
984 614
1002 577
1002 595
1002 614
1021 577
1021 595
1021 614
993 576
993 594
993 613
1011 576
1011 594
1011 613
1030 576
1030 594
1030 613
1002 576
1002 594
1002 613
1020 576
1020 594
1020 613
1039 576
1039 594
1039 613
1013 576
1013 594
1013 613
1031 576
1031 594
1031 613
1050 576
1050 594
1050 613
1023 576
1023 594
1023 613
1041 576
1041 594
1041 613
1060 576
1060 594
1060 613
1028 576
1028 594
1028 613
1046 576
1046 594
1046 613
1065 576
1065 594
1065 613
1042 578
1042 596
1042 615
1060 578
1060 596
1060 615
1079 578
1079 596
1079 615
1053 580
1053 598
1053 617
1071 580
1071 598
1071 617
1090 580
1090 598
1090 617
1062 582
1062 600
1062 619
1080 582
1080 600
1080 619
1099 582
1099 600
1099 619
1074 584
1074 602
1074 621
1092 584
1092 602
1092 621
1111 584
1111 602
1111 621
1088 588
1088 606
1088 625
1106 588
1106 606
1106 625
1125 588
1125 606
1125 625
1096 589
1096 607
1096 626
1114 589
1114 607
1114 626
1133 589
1133 607
1133 626
1104 590
1104 608
1104 627
1122 590
1122 608
1122 627
1141 590
1141 608
1141 627
1112 592
1112 610
1112 629
1130 592
1130 610
1130 629
1149 592
1149 610
1149 629
1120 599
1120 617
1120 636
1138 599
1138 617
1138 636
1157 599
1157 617
1157 636
1126 608
1126 626
1126 645
1144 608
1144 626
1144 645
1163 608
1163 626
1163 645
1126 615
1126 633
1126 652
1144 615
1144 633
1144 652
1163 615
1163 633
1163 652
LINES:
15 3000 14 8
14 8 688 8
688 8 750 70
750 70 810 10
810 10 1268 12
1268 12 1268 3000
74 380 209 500
209 500 1148 563
1148 563 1267 697
PUMPS:
