PARTICLES:
264 138
264 156
264 175
282 138
282 156
282 175
301 138
301 156
301 175
264 149
264 167
264 186
282 149
282 167
282 186
301 149
301 167
301 186
264 161
264 179
264 198
282 161
282 179
282 198
301 161
301 179
301 198
264 171
264 189
264 208
282 171
282 189
282 208
301 171
301 189
301 208
264 177
264 195
264 214
282 177
282 195
282 214
301 177
301 195
301 214
264 187
264 205
264 224
282 187
282 205
282 224
301 187
301 205
301 224
264 194
264 212
264 231
282 194
282 212
282 231
301 194
301 212
301 231
262 203
262 221
262 240
280 203
280 221
280 240
299 203
299 221
299 240
258 225
258 243
258 262
276 225
276 243
276 262
295 225
295 243
295 262
256 240
256 258
256 277
274 240
274 258
274 277
293 240
293 258
293 277
256 258
256 276
256 295
274 258
274 276
274 295
293 258
293 276
293 295
256 277
256 295
256 314
274 277
274 295
274 314
293 277
293 295
293 314
256 293
256 311
256 330
274 293
274 311
274 330
293 293
293 311
293 330
251 315
251 333
251 352
269 315
269 333
269 352
288 315
288 333
288 352
244 354
244 372
244 391
262 354
262 372
262 391
281 354
281 372
281 391
243 368
243 386
243 405
261 368
261 386
261 405
280 368
280 386
280 405
240 387
240 405
240 424
258 387
258 405
258 424
277 387
277 405
277 424
237 401
237 419
237 438
255 401
255 419
255 438
274 401
274 419
274 438
237 425
237 443
237 462
255 425
255 443
255 462
274 425
274 443
274 462
237 442
237 460
237 479
255 442
255 460
255 479
274 442
274 460
274 479
237 464
237 482
237 501
255 464
255 482
255 501
274 464
274 482
274 501
237 480
237 498
237 517
255 480
255 498
255 517
274 480
274 498
274 517
237 493
237 511
237 530
255 493
255 511
255 530
274 493
274 511
274 530
237 505
237 523
237 542
255 505
255 523
255 542
274 505
274 523
274 542
241 520
241 538
241 557
259 520
259 538
259 557
278 520
278 538
278 557
242 533
242 551
242 570
260 533
260 551
260 570
279 533
279 551
279 570
242 544
242 562
242 581
260 544
260 562
260 581
279 544
279 562
279 581
242 559
242 577
242 596
260 559
260 577
260 596
279 559
279 577
279 596
242 569
242 587
242 606
260 569
260 587
260 606
279 569
279 587
279 606
240 578
240 596
240 615
258 578
258 596
258 615
277 578
277 596
277 615
239 588
239 606
239 625
257 588
257 606
257 625
276 588
276 606
276 625
235 594
235 612
235 631
253 594
253 612
253 631
272 594
272 612
272 631
233 599
233 617
233 636
251 599
251 617
251 636
270 599
270 617
270 636
229 601
229 619
229 638
247 601
247 619
247 638
266 601
266 619
266 638
225 593
225 611
225 630
243 593
243 611
243 630
262 593
262 611
262 630
222 578
222 596
222 615
240 578
240 596
240 615
259 578
259 596
259 615
220 569
220 587
220 606
238 569
238 587
238 606
257 569
257 587
257 606
219 554
219 572
219 591
237 554
237 572
237 591
256 554
256 572
256 591
218 543
218 561
218 580
236 543
236 561
236 580
255 543
255 561
255 580
216 525
216 543
216 562
234 525
234 543
234 562
253 525
253 543
253 562
216 511
216 529
216 548
234 511
234 529
234 548
253 511
253 529
253 548
214 474
214 492
214 511
232 474
232 492
232 511
251 474
251 492
251 511
213 467
213 485
213 504
231 467
231 485
231 504
250 467
250 485
250 504
216 425
216 443
216 462
234 425
234 443
234 462
253 425
253 443
253 462
216 417
216 435
216 454
234 417
234 435
234 454
253 417
253 435
253 454
216 396
216 414
216 433
234 396
234 414
234 433
253 396
253 414
253 433
216 379
216 397
216 416
234 379
234 397
234 416
253 379
253 397
253 416
218 355
218 373
218 392
236 355
236 373
236 392
255 355
255 373
255 392
219 339
219 357
219 376
237 339
237 357
237 376
256 339
256 357
256 376
220 306
220 324
220 343
238 306
238 324
238 343
257 306
257 324
257 343
219 281
219 299
219 318
237 281
237 299
237 318
256 281
256 299
256 318
219 261
219 279
219 298
237 261
237 279
237 298
256 261
256 279
256 298
216 245
216 263
216 282
234 245
234 263
234 282
253 245
253 263
253 282
218 230
218 248
218 267
236 230
236 248
236 267
255 230
255 248
255 267
218 220
218 238
218 257
236 220
236 238
236 257
255 220
255 238
255 257
218 209
218 227
218 246
236 209
236 227
236 246
255 209
255 227
255 246
218 201
218 219
218 238
236 201
236 219
236 238
255 201
255 219
255 238
220 189
220 207
220 226
238 189
238 207
238 226
257 189
257 207
257 226
226 175
226 193
226 212
244 175
244 193
244 212
263 175
263 193
263 212
227 168
227 186
227 205
245 168
245 186
245 205
264 168
264 186
264 205
229 164
229 182
229 201
247 164
247 182
247 201
266 164
266 182
266 201
242 186
242 204
242 223
260 186
260 204
260 223
279 186
279 204
279 223
244 199
244 217
244 236
262 199
262 217
262 236
281 199
281 217
281 236
245 232
245 250
245 269
263 232
263 250
263 269
282 232
282 250
282 269
245 245
245 263
245 282
263 245
263 263
263 282
282 245
282 263
282 282
250 278
250 296
250 315
268 278
268 296
268 315
287 278
287 296
287 315
253 302
253 320
253 339
271 302
271 320
271 339
290 302
290 320
290 339
258 329
258 347
258 366
276 329
276 347
276 366
295 329
295 347
295 366
261 360
261 378
261 397
279 360
279 378
279 397
298 360
298 378
298 397
262 378
262 396
262 415
280 378
280 396
280 415
299 378
299 396
299 415
262 401
262 419
262 438
280 401
280 419
280 438
299 401
299 419
299 438
262 427
262 445
262 464
280 427
280 445
280 464
299 427
299 445
299 464
262 446
262 464
262 483
280 446
280 464
280 483
299 446
299 464
299 483
262 469
262 487
262 506
280 469
280 487
280 506
299 469
299 487
299 506
260 477
260 495
260 514
278 477
278 495
278 514
297 477
297 495
297 514
260 493
260 511
260 530
278 493
278 511
278 530
297 493
297 511
297 530
260 507
260 525
260 544
278 507
278 525
278 544
297 507
297 525
297 544
260 522
260 540
260 559
278 522
278 540
278 559
297 522
297 540
297 559
261 538
261 556
261 575
279 538
279 556
279 575
298 538
298 556
298 575
261 547
261 565
261 584
279 547
279 565
279 584
298 547
298 565
298 584
262 559
262 577
262 596
280 559
280 577
280 596
299 559
299 577
299 596
262 567
262 585
262 604
280 567
280 585
280 604
299 567
299 585
299 604
262 573
262 591
262 610
280 573
280 591
280 610
299 573
299 591
299 610
262 580
262 598
262 617
280 580
280 598
280 617
299 580
299 598
299 617
262 585
262 603
262 622
280 585
280 603
280 622
299 585
299 603
299 622
260 579
260 597
260 616
278 579
278 597
278 616
297 579
297 597
297 616
256 570
256 588
256 607
274 570
274 588
274 607
293 570
293 588
293 607
253 559
253 577
253 596
271 559
271 577
271 596
290 559
290 577
290 596
248 515
248 533
248 552
266 515
266 533
266 552
285 515
285 533
285 552
248 509
248 527
248 546
266 509
266 527
266 546
285 509
285 527
285 546
247 452
247 470
247 489
265 452
265 470
265 489
284 452
284 470
284 489
245 444
245 462
245 481
263 444
263 462
263 481
282 444
282 462
282 481
246 402
246 420
246 439
264 402
264 420
264 439
283 402
283 420
283 439
247 375
247 393
247 412
265 375
265 393
265 412
284 375
284 393
284 412
247 313
247 331
247 350
265 313
265 331
265 350
284 313
284 331
284 350
253 227
253 245
253 264
271 227
271 245
271 264
290 227
290 245
290 264
259 183
259 201
259 220
277 183
277 201
277 220
296 183
296 201
296 220
256 178
256 196
256 215
274 178
274 196
274 215
293 178
293 196
293 215
254 173
254 191
254 210
272 173
272 191
272 210
291 173
291 191
291 210
250 166
250 184
250 203
268 166
268 184
268 203
287 166
287 184
287 203
1160 150
1160 168
1160 187
1178 150
1178 168
1178 187
1197 150
1197 168
1197 187
1160 163
1160 181
1160 200
1178 163
1178 181
1178 200
1197 163
1197 181
1197 200
1160 169
1160 187
1160 206
1178 169
1178 187
1178 206
1197 169
1197 187
1197 206
1160 176
1160 194
1160 213
1178 176
1178 194
1178 213
1197 176
1197 194
1197 213
1160 188
1160 206
1160 225
1178 188
1178 206
1178 225
1197 188
1197 206
1197 225
1160 212
1160 230
1160 249
1178 212
1178 230
1178 249
1197 212
1197 230
1197 249
1160 228
1160 246
1160 265
1178 228
1178 246
1178 265
1197 228
1197 246
1197 265
1160 251
1160 269
1160 288
1178 251
1178 269
1178 288
1197 251
1197 269
1197 288
1160 270
1160 288
1160 307
1178 270
1178 288
1178 307
1197 270
1197 288
1197 307
1160 289
1160 307
1160 326
1178 289
1178 307
1178 326
1197 289
1197 307
1197 326
1161 312
1161 330
1161 349
1179 312
1179 330
1179 349
1198 312
1198 330
1198 349
1162 325
1162 343
1162 362
1180 325
1180 343
1180 362
1199 325
1199 343
1199 362
1162 334
1162 352
1162 371
1180 334
1180 352
1180 371
1199 334
1199 352
1199 371
1159 381
1159 399
1159 418
1177 381
1177 399
1177 418
1196 381
1196 399
1196 418
1158 421
1158 439
1158 458
1176 421
1176 439
1176 458
1195 421
1195 439
1195 458
1158 441
1158 459
1158 478
1176 441
1176 459
1176 478
1195 441
1195 459
1195 478
1157 461
1157 479
1157 498
1175 461
1175 479
1175 498
1194 461
1194 479
1194 498
1156 480
1156 498
1156 517
1174 480
1174 498
1174 517
1193 480
1193 498
1193 517
1156 494
1156 512
1156 531
1174 494
1174 512
1174 531
1193 494
1193 512
1193 531
1156 506
1156 524
1156 543
1174 506
1174 524
1174 543
1193 506
1193 524
1193 543
1158 519
1158 537
1158 556
1176 519
1176 537
1176 556
1195 519
1195 537
1195 556
1160 528
1160 546
1160 565
1178 528
1178 546
1178 565
1197 528
1197 546
1197 565
1161 541
1161 559
1161 578
1179 541
1179 559
1179 578
1198 541
1198 559
1198 578
1161 551
1161 569
1161 588
1179 551
1179 569
1179 588
1198 551
1198 569
1198 588
1163 559
1163 577
1163 596
1181 559
1181 577
1181 596
1200 559
1200 577
1200 596
1165 565
1165 583
1165 602
1183 565
1183 583
1183 602
1202 565
1202 583
1202 602
1170 561
1170 579
1170 598
1188 561
1188 579
1188 598
1207 561
1207 579
1207 598
1171 553
1171 571
1171 590
1189 553
1189 571
1189 590
1208 553
1208 571
1208 590
1173 525
1173 543
1173 562
1191 525
1191 543
1191 562
1210 525
1210 543
1210 562
1173 516
1173 534
1173 553
1191 516
1191 534
1191 553
1210 516
1210 534
1210 553
1174 500
1174 518
1174 537
1192 500
1192 518
1192 537
1211 500
1211 518
1211 537
1176 475
1176 493
1176 512
1194 475
1194 493
1194 512
1213 475
1213 493
1213 512
1176 455
1176 473
1176 492
1194 455
1194 473
1194 492
1213 455
1213 473
1213 492
1175 441
1175 459
1175 478
1193 441
1193 459
1193 478
1212 441
1212 459
1212 478
1175 422
1175 440
1175 459
1193 422
1193 440
1193 459
1212 422
1212 440
1212 459
1175 401
1175 419
1175 438
1193 401
1193 419
1193 438
1212 401
1212 419
1212 438
1175 387
1175 405
1175 424
1193 387
1193 405
1193 424
1212 387
1212 405
1212 424
1174 369
1174 387
1174 406
1192 369
1192 387
1192 406
1211 369
1211 387
1211 406
1174 348
1174 366
1174 385
1192 348
1192 366
1192 385
1211 348
1211 366
1211 385
1174 324
1174 342
1174 361
1192 324
1192 342
1192 361
1211 324
1211 342
1211 361
1172 299
1172 317
1172 336
1190 299
1190 317
1190 336
1209 299
1209 317
1209 336
1171 277
1171 295
1171 314
1189 277
1189 295
1189 314
1208 277
1208 295
1208 314
1171 256
1171 274
1171 293
1189 256
1189 274
1189 293
1208 256
1208 274
1208 293
1171 236
1171 254
1171 273
1189 236
1189 254
1189 273
1208 236
1208 254
1208 273
1171 218
1171 236
1171 255
1189 218
1189 236
1189 255
1208 218
1208 236
1208 255
1171 205
1171 223
1171 242
1189 205
1189 223
1189 242
1208 205
1208 223
1208 242
1171 192
1171 210
1171 229
1189 192
1189 210
1189 229
1208 192
1208 210
1208 229
1172 178
1172 196
1172 215
1190 178
1190 196
1190 215
1209 178
1209 196
1209 215
1171 165
1171 183
1171 202
1189 165
1189 183
1189 202
1208 165
1208 183
1208 202
1168 152
1168 170
1168 189
1186 152
1186 170
1186 189
1205 152
1205 170
1205 189
1166 147
1166 165
1166 184
1184 147
1184 165
1184 184
1203 147
1203 165
1203 184
1162 145
1162 163
1162 182
1180 145
1180 163
1180 182
1199 145
1199 163
1199 182
1157 154
1157 172
1157 191
1175 154
1175 172
1175 191
1194 154
1194 172
1194 191
1151 177
1151 195
1151 214
1169 177
1169 195
1169 214
1188 177
1188 195
1188 214
1150 198
1150 216
1150 235
1168 198
1168 216
1168 235
1187 198
1187 216
1187 235
1150 217
1150 235
1150 254
1168 217
1168 235
1168 254
1187 217
1187 235
1187 254
1150 234
1150 252
1150 271
1168 234
1168 252
1168 271
1187 234
1187 252
1187 271
1150 249
1150 267
1150 286
1168 249
1168 267
1168 286
1187 249
1187 267
1187 286
1149 272
1149 290
1149 309
1167 272
1167 290
1167 309
1186 272
1186 290
1186 309
1149 290
1149 308
1149 327
1167 290
1167 308
1167 327
1186 290
1186 308
1186 327
1149 316
1149 334
1149 353
1167 316
1167 334
1167 353
1186 316
1186 334
1186 353
1149 329
1149 347
1149 366
1167 329
1167 347
1167 366
1186 329
1186 347
1186 366
1149 345
1149 363
1149 382
1167 345
1167 363
1167 382
1186 345
1186 363
1186 382
1149 364
1149 382
1149 401
1167 364
1167 382
1167 401
1186 364
1186 382
1186 401
1149 391
1149 409
1149 428
1167 391
1167 409
1167 428
1186 391
1186 409
1186 428
1149 407
1149 425
1149 444
1167 407
1167 425
1167 444
1186 407
1186 425
1186 444
1149 426
1149 444
1149 463
1167 426
1167 444
1167 463
1186 426
1186 444
1186 463
1148 440
1148 458
1148 477
1166 440
1166 458
1166 477
1185 440
1185 458
1185 477
1148 455
1148 473
1148 492
1166 455
1166 473
1166 492
1185 455
1185 473
1185 492
1148 469
1148 487
1148 506
1166 469
1166 487
1166 506
1185 469
1185 487
1185 506
1148 496
1148 514
1148 533
1166 496
1166 514
1166 533
1185 496
1185 514
1185 533
1152 514
1152 532
1152 551
1170 514
1170 532
1170 551
1189 514
1189 532
1189 551
1156 529
1156 547
1156 566
1174 529
1174 547
1174 566
1193 529
1193 547
1193 566
1160 537
1160 555
1160 574
1178 537
1178 555
1178 574
1197 537
1197 555
1197 574
1163 539
1163 557
1163 576
1181 539
1181 557
1181 576
1200 539
1200 557
1200 576
LINES:
1243 29 1237 672
1237 672 194 668
194 668 191 24
309 31 312 610
312 610 1125 610
1125 610 1130 30
PUMPS:
