PARTICLES:
71 286
71 304
71 323
89 286
89 304
89 323
108 286
108 304
108 323
71 322
71 340
71 359
89 322
89 340
89 359
108 322
108 340
108 359
71 347
71 365
71 384
89 347
89 365
89 384
108 347
108 365
108 384
71 369
71 387
71 406
89 369
89 387
89 406
108 369
108 387
108 406
71 388
71 406
71 425
89 388
89 406
89 425
108 388
108 406
108 425
70 422
70 440
70 459
88 422
88 440
88 459
107 422
107 440
107 459
70 463
70 481
70 500
88 463
88 481
88 500
107 463
107 481
107 500
71 503
71 521
71 540
89 503
89 521
89 540
108 503
108 521
108 540
71 521
71 539
71 558
89 521
89 539
89 558
108 521
108 539
108 558
71 533
71 551
71 570
89 533
89 551
89 570
108 533
108 551
108 570
71 539
71 557
71 576
89 539
89 557
89 576
108 539
108 557
108 576
70 564
70 582
70 601
88 564
88 582
88 601
107 564
107 582
107 601
70 582
70 600
70 619
88 582
88 600
88 619
107 582
107 600
107 619
70 591
70 609
70 628
88 591
88 609
88 628
107 591
107 609
107 628
72 607
72 625
72 644
90 607
90 625
90 644
109 607
109 625
109 644
73 616
73 634
73 653
91 616
91 634
91 653
110 616
110 634
110 653
78 620
78 638
78 657
96 620
96 638
96 657
115 620
115 638
115 657
86 623
86 641
86 660
104 623
104 641
104 660
123 623
123 641
123 660
96 623
96 641
96 660
114 623
114 641
114 660
133 623
133 641
133 660
103 623
103 641
103 660
121 623
121 641
121 660
140 623
140 641
140 660
108 621
108 639
108 658
126 621
126 639
126 658
145 621
145 639
145 658
111 616
111 634
111 653
129 616
129 634
129 653
148 616
148 634
148 653
116 599
116 617
116 636
134 599
134 617
134 636
153 599
153 617
153 636
116 594
116 612
116 631
134 594
134 612
134 631
153 594
153 612
153 631
117 577
117 595
117 614
135 577
135 595
135 614
154 577
154 595
154 614
117 571
117 589
117 608
135 571
135 589
135 608
154 571
154 589
154 608
117 543
117 561
117 580
135 543
135 561
135 580
154 543
154 561
154 580
118 511
118 529
118 548
136 511
136 529
136 548
155 511
155 529
155 548
119 487
119 505
119 524
137 487
137 505
137 524
156 487
156 505
156 524
119 477
119 495
119 514
137 477
137 495
137 514
156 477
156 495
156 514
119 441
119 459
119 478
137 441
137 459
137 478
156 441
156 459
156 478
119 421
119 439
119 458
137 421
137 439
137 458
156 421
156 439
156 458
120 401
120 419
120 438
138 401
138 419
138 438
157 401
157 419
157 438
122 369
122 387
122 406
140 369
140 387
140 406
159 369
159 387
159 406
121 357
121 375
121 394
139 357
139 375
139 394
158 357
158 375
158 394
120 328
120 346
120 365
138 328
138 346
138 365
157 328
157 346
157 365
119 306
119 324
119 343
137 306
137 324
137 343
156 306
156 324
156 343
118 291
118 309
118 328
136 291
136 309
136 328
155 291
155 309
155 328
136 285
136 303
136 322
154 285
154 303
154 322
173 285
173 303
173 322
143 285
143 303
143 322
161 285
161 303
161 322
180 285
180 303
180 322
151 288
151 306
151 325
169 288
169 306
169 325
188 288
188 306
188 325
154 296
154 314
154 333
172 296
172 314
172 333
191 296
191 314
191 333
156 308
156 326
156 345
174 308
174 326
174 345
193 308
193 326
193 345
156 316
156 334
156 353
174 316
174 334
174 353
193 316
193 334
193 353
162 338
162 356
162 375
180 338
180 356
180 375
199 338
199 356
199 375
165 353
165 371
165 390
183 353
183 371
183 390
202 353
202 371
202 390
169 378
169 396
169 415
187 378
187 396
187 415
206 378
206 396
206 415
170 389
170 407
170 426
188 389
188 407
188 426
207 389
207 407
207 426
170 405
170 423
170 442
188 405
188 423
188 442
207 405
207 423
207 442
170 422
170 440
170 459
188 422
188 440
188 459
207 422
207 440
207 459
170 446
170 464
170 483
188 446
188 464
188 483
207 446
207 464
207 483
169 467
169 485
169 504
187 467
187 485
187 504
206 467
206 485
206 504
166 491
166 509
166 528
184 491
184 509
184 528
203 491
203 509
203 528
165 503
165 521
165 540
183 503
183 521
183 540
202 503
202 521
202 540
164 522
164 540
164 559
182 522
182 540
182 559
201 522
201 540
201 559
164 535
164 553
164 572
182 535
182 553
182 572
201 535
201 553
201 572
164 550
164 568
164 587
182 550
182 568
182 587
201 550
201 568
201 587
163 561
163 579
163 598
181 561
181 579
181 598
200 561
200 579
200 598
162 569
162 587
162 606
180 569
180 587
180 606
199 569
199 587
199 606
162 579
162 597
162 616
180 579
180 597
180 616
199 579
199 597
199 616
162 589
162 607
162 626
180 589
180 607
180 626
199 589
199 607
199 626
162 595
162 613
162 632
180 595
180 613
180 632
199 595
199 613
199 632
164 599
164 617
164 636
182 599
182 617
182 636
201 599
201 617
201 636
169 603
169 621
169 640
187 603
187 621
187 640
206 603
206 621
206 640
176 606
176 624
176 643
194 606
194 624
194 643
213 606
213 624
213 643
181 607
181 625
181 644
199 607
199 625
199 644
218 607
218 625
218 644
188 603
188 621
188 640
206 603
206 621
206 640
225 603
225 621
225 640
198 598
198 616
198 635
216 598
216 616
216 635
235 598
235 616
235 635
206 588
206 606
206 625
224 588
224 606
224 625
243 588
243 606
243 625
209 583
209 601
209 620
227 583
227 601
227 620
246 583
246 601
246 620
214 559
214 577
214 596
232 559
232 577
232 596
251 559
251 577
251 596
217 535
217 553
217 572
235 535
235 553
235 572
254 535
254 553
254 572
222 499
222 517
222 536
240 499
240 517
240 536
259 499
259 517
259 536
223 488
223 506
223 525
241 488
241 506
241 525
260 488
260 506
260 525
220 447
220 465
220 484
238 447
238 465
238 484
257 447
257 465
257 484
219 439
219 457
219 476
237 439
237 457
237 476
256 439
256 457
256 476
217 407
217 425
217 444
235 407
235 425
235 444
254 407
254 425
254 444
215 383
215 401
215 420
233 383
233 401
233 420
252 383
252 401
252 420
214 345
214 363
214 382
232 345
232 363
232 382
251 345
251 363
251 382
214 338
214 356
214 375
232 338
232 356
232 375
251 338
251 356
251 375
214 307
214 325
214 344
232 307
232 325
232 344
251 307
251 325
251 344
211 294
211 312
211 331
229 294
229 312
229 331
248 294
248 312
248 331
208 285
208 303
208 322
226 285
226 303
226 322
245 285
245 303
245 322
204 279
204 297
204 316
222 279
222 297
222 316
241 279
241 297
241 316
200 275
200 293
200 312
218 275
218 293
218 312
237 275
237 293
237 312
195 273
195 291
195 310
213 273
213 291
213 310
232 273
232 291
232 310
190 269
190 287
190 306
208 269
208 287
208 306
227 269
227 287
227 306
183 264
183 282
183 301
201 264
201 282
201 301
220 264
220 282
220 301
170 258
170 276
170 295
188 258
188 276
188 295
207 258
207 276
207 295
157 253
157 271
157 290
175 253
175 271
175 290
194 253
194 271
194 290
140 251
140 269
140 288
158 251
158 269
158 288
177 251
177 269
177 288
128 251
128 269
128 288
146 251
146 269
146 288
165 251
165 269
165 288
115 251
115 269
115 288
133 251
133 269
133 288
152 251
152 269
152 288
98 252
98 270
98 289
116 252
116 270
116 289
135 252
135 270
135 289
84 256
84 274
84 293
102 256
102 274
102 293
121 256
121 274
121 293
77 256
77 274
77 293
95 256
95 274
95 293
114 256
114 274
114 293
72 253
72 271
72 290
90 253
90 271
90 290
109 253
109 271
109 290
70 247
70 265
70 284
88 247
88 265
88 284
107 247
107 265
107 284
73 238
73 256
73 275
91 238
91 256
91 275
110 238
110 256
110 275
78 231
78 249
78 268
96 231
96 249
96 268
115 231
115 249
115 268
94 222
94 240
94 259
112 222
112 240
112 259
131 222
131 240
131 259
106 219
106 237
106 256
124 219
124 237
124 256
143 219
143 237
143 256
119 220
119 238
119 257
137 220
137 238
137 257
156 220
156 238
156 257
128 222
128 240
128 259
146 222
146 240
146 259
165 222
165 240
165 259
148 226
148 244
148 263
166 226
166 244
166 263
185 226
185 244
185 263
168 229
168 247
168 266
186 229
186 247
186 266
205 229
205 247
205 266
184 232
184 250
184 269
202 232
202 250
202 269
221 232
221 250
221 269
200 238
200 256
200 275
218 238
218 256
218 275
237 238
237 256
237 275
218 248
218 266
218 285
236 248
236 266
236 285
255 248
255 266
255 285
236 280
236 298
236 317
254 280
254 298
254 317
273 280
273 298
273 317
237 290
237 308
237 327
255 290
255 308
255 327
274 290
274 308
274 327
245 318
245 336
245 355
263 318
263 336
263 355
282 318
282 336
282 355
252 347
252 365
252 384
270 347
270 365
270 384
289 347
289 365
289 384
255 375
255 393
255 412
273 375
273 393
273 412
292 375
292 393
292 412
257 391
257 409
257 428
275 391
275 409
275 428
294 391
294 409
294 428
258 412
258 430
258 449
276 412
276 430
276 449
295 412
295 430
295 449
259 437
259 455
259 474
277 437
277 455
277 474
296 437
296 455
296 474
260 460
260 478
260 497
278 460
278 478
278 497
297 460
297 478
297 497
261 491
261 509
261 528
279 491
279 509
279 528
298 491
298 509
298 528
261 515
261 533
261 552
279 515
279 533
279 552
298 515
298 533
298 552
261 531
261 549
261 568
279 531
279 549
279 568
298 531
298 549
298 568
261 547
261 565
261 584
279 547
279 565
279 584
298 547
298 565
298 584
261 564
261 582
261 601
279 564
279 582
279 601
298 564
298 582
298 601
261 577
261 595
261 614
279 577
279 595
279 614
298 577
298 595
298 614
261 586
261 604
261 623
279 586
279 604
279 623
298 586
298 604
298 623
254 588
254 606
254 625
272 588
272 606
272 625
291 588
291 606
291 625
230 595
230 613
230 632
248 595
248 613
248 632
267 595
267 613
267 632
209 601
209 619
209 638
227 601
227 619
227 638
246 601
246 619
246 638
192 601
192 619
192 638
210 601
210 619
210 638
229 601
229 619
229 638
162 603
162 621
162 640
180 603
180 621
180 640
199 603
199 621
199 640
146 604
146 622
146 641
164 604
164 622
164 641
183 604
183 622
183 641
125 604
125 622
125 641
143 604
143 622
143 641
162 604
162 622
162 641
110 604
110 622
110 641
128 604
128 622
128 641
147 604
147 622
147 641
97 601
97 619
97 638
115 601
115 619
115 638
134 601
134 619
134 638
87 583
87 601
87 620
105 583
105 601
105 620
124 583
124 601
124 620
92 569
92 587
92 606
110 569
110 587
110 606
129 569
129 587
129 606
107 555
107 573
107 592
125 555
125 573
125 592
144 555
144 573
144 592
126 546
126 564
126 583
144 546
144 564
144 583
163 546
163 564
163 583
165 547
165 565
165 584
183 547
183 565
183 584
202 547
202 565
202 584
209 544
209 562
209 581
227 544
227 562
227 581
246 544
246 562
246 581
242 535
242 553
242 572
260 535
260 553
260 572
279 535
279 553
279 572
247 533
247 551
247 570
265 533
265 551
265 570
284 533
284 551
284 570
243 523
243 541
243 560
261 523
261 541
261 560
280 523
280 541
280 560
199 512
199 530
199 549
217 512
217 530
217 549
236 512
236 530
236 549
157 518
157 536
157 555
175 518
175 536
175 555
194 518
194 536
194 555
124 519
124 537
124 556
142 519
142 537
142 556
161 519
161 537
161 556
108 519
108 537
108 556
126 519
126 537
126 556
145 519
145 537
145 556
94 515
94 533
94 552
112 515
112 533
112 552
131 515
131 533
131 552
83 491
83 509
83 528
101 491
101 509
101 528
120 491
120 509
120 528
82 455
82 473
82 492
100 455
100 473
100 492
119 455
119 473
119 492
82 431
82 449
82 468
100 431
100 449
100 468
119 431
119 449
119 468
101 420
101 438
101 457
119 420
119 438
119 457
138 420
138 438
138 457
142 413
142 431
142 450
160 413
160 431
160 450
179 413
179 431
179 450
177 420
177 438
177 457
195 420
195 438
195 457
214 420
214 438
214 457
214 431
214 449
214 468
232 431
232 449
232 468
251 431
251 449
251 468
226 432
226 450
226 469
244 432
244 450
244 469
263 432
263 450
263 469
242 433
242 451
242 470
260 433
260 451
260 470
279 433
279 451
279 470
250 439
250 457
250 476
268 439
268 457
268 476
287 439
287 457
287 476
257 468
257 486
257 505
275 468
275 486
275 505
294 468
294 486
294 505
255 486
255 504
255 523
273 486
273 504
273 523
292 486
292 504
292 523
226 487
226 505
226 524
244 487
244 505
244 524
263 487
263 505
263 524
174 474
174 492
174 511
192 474
192 492
192 511
211 474
211 492
211 511
144 459
144 477
144 496
162 459
162 477
162 496
181 459
181 477
181 496
120 446
120 464
120 483
138 446
138 464
138 483
157 446
157 464
157 483
92 399
92 417
92 436
110 399
110 417
110 436
129 399
129 417
129 436
84 365
84 383
84 402
102 365
102 383
102 402
121 365
121 383
121 402
81 349
81 367
81 386
99 349
99 367
99 386
118 349
118 367
118 386
80 336
80 354
80 373
98 336
98 354
98 373
117 336
117 354
117 373
96 335
96 353
96 372
114 335
114 353
114 372
133 335
133 353
133 372
137 351
137 369
137 388
155 351
155 369
155 388
174 351
174 369
174 388
185 379
185 397
185 416
203 379
203 397
203 416
222 379
222 397
222 416
226 403
226 421
226 440
244 403
244 421
244 440
263 403
263 421
263 440
253 414
253 432
253 451
271 414
271 432
271 451
290 414
290 432
290 451
259 419
259 437
259 456
277 419
277 437
277 456
296 419
296 437
296 456
LINES:
1253 26 1248 674
1248 674 697 673
697 673 635 580
635 580 567 670
567 670 37 667
37 667 30 28
PUMPS:
