PARTICLES:
40 371
40 389
40 408
58 371
58 389
58 408
77 371
77 389
77 408
40 388
40 406
40 425
58 388
58 406
58 425
77 388
77 406
77 425
40 401
40 419
40 438
58 401
58 419
58 438
77 401
77 419
77 438
40 417
40 435
40 454
58 417
58 435
58 454
77 417
77 435
77 454
40 430
40 448
40 467
58 430
58 448
58 467
77 430
77 448
77 467
40 449
40 467
40 486
58 449
58 467
58 486
77 449
77 467
77 486
40 465
40 483
40 502
58 465
58 483
58 502
77 465
77 483
77 502
41 482
41 500
41 519
59 482
59 500
59 519
78 482
78 500
78 519
42 494
42 512
42 531
60 494
60 512
60 531
79 494
79 512
79 531
42 502
42 520
42 539
60 502
60 520
60 539
79 502
79 520
79 539
42 513
42 531
42 550
60 513
60 531
60 550
79 513
79 531
79 550
42 524
42 542
42 561
60 524
60 542
60 561
79 524
79 542
79 561
42 530
42 548
42 567
60 530
60 548
60 567
79 530
79 548
79 567
43 544
43 562
43 581
61 544
61 562
61 581
80 544
80 562
80 581
44 558
44 576
44 595
62 558
62 576
62 595
81 558
81 576
81 595
44 566
44 584
44 603
62 566
62 584
62 603
81 566
81 584
81 603
45 576
45 594
45 613
63 576
63 594
63 613
82 576
82 594
82 613
45 585
45 603
45 622
63 585
63 603
63 622
82 585
82 603
82 622
45 593
45 611
45 630
63 593
63 611
63 630
82 593
82 611
82 630
47 601
47 619
47 638
65 601
65 619
65 638
84 601
84 619
84 638
48 612
48 630
48 649
66 612
66 630
66 649
85 612
85 630
85 649
49 617
49 635
49 654
67 617
67 635
67 654
86 617
86 635
86 654
51 622
51 640
51 659
69 622
69 640
69 659
88 622
88 640
88 659
59 623
59 641
59 660
77 623
77 641
77 660
96 623
96 641
96 660
68 623
68 641
68 660
86 623
86 641
86 660
105 623
105 641
105 660
87 623
87 641
87 660
105 623
105 641
105 660
124 623
124 641
124 660
98 622
98 640
98 659
116 622
116 640
116 659
135 622
135 640
135 659
104 622
104 640
104 659
122 622
122 640
122 659
141 622
141 640
141 659
110 622
110 640
110 659
128 622
128 640
128 659
147 622
147 640
147 659
111 617
111 635
111 654
129 617
129 635
129 654
148 617
148 635
148 654
108 607
108 625
108 644
126 607
126 625
126 644
145 607
145 625
145 644
106 601
106 619
106 638
124 601
124 619
124 638
143 601
143 619
143 638
104 565
104 583
104 602
122 565
122 583
122 602
141 565
141 583
141 602
103 553
103 571
103 590
121 553
121 571
121 590
140 553
140 571
140 590
103 532
103 550
103 569
121 532
121 550
121 569
140 532
140 550
140 569
102 523
102 541
102 560
120 523
120 541
120 560
139 523
139 541
139 560
98 484
98 502
98 521
116 484
116 502
116 521
135 484
135 502
135 521
96 472
96 490
96 509
114 472
114 490
114 509
133 472
133 490
133 509
94 438
94 456
94 475
112 438
112 456
112 475
131 438
131 456
131 475
93 419
93 437
93 456
111 419
111 437
111 456
130 419
130 437
130 456
91 408
91 426
91 445
109 408
109 426
109 445
128 408
128 426
128 445
90 400
90 418
90 437
108 400
108 418
108 437
127 400
127 418
127 437
90 373
90 391
90 410
108 373
108 391
108 410
127 373
127 391
127 410
91 369
91 387
91 406
109 369
109 387
109 406
128 369
128 387
128 406
116 369
116 387
116 406
134 369
134 387
134 406
153 369
153 387
153 406
126 369
126 387
126 406
144 369
144 387
144 406
163 369
163 387
163 406
138 373
138 391
138 410
156 373
156 391
156 410
175 373
175 391
175 410
139 378
139 396
139 415
157 378
157 396
157 415
176 378
176 396
176 415
144 381
144 399
144 418
162 381
162 399
162 418
181 381
181 399
181 418
147 385
147 403
147 422
165 385
165 403
165 422
184 385
184 403
184 422
148 393
148 411
148 430
166 393
166 411
166 430
185 393
185 411
185 430
150 405
150 423
150 442
168 405
168 423
168 442
187 405
187 423
187 442
151 418
151 436
151 455
169 418
169 436
169 455
188 418
188 436
188 455
154 430
154 448
154 467
172 430
172 448
172 467
191 430
191 448
191 467
155 445
155 463
155 482
173 445
173 463
173 482
192 445
192 463
192 482
155 453
155 471
155 490
173 453
173 471
173 490
192 453
192 471
192 490
155 468
155 486
155 505
173 468
173 486
173 505
192 468
192 486
192 505
155 482
155 500
155 519
173 482
173 500
173 519
192 482
192 500
192 519
153 496
153 514
153 533
171 496
171 514
171 533
190 496
190 514
190 533
151 514
151 532
151 551
169 514
169 532
169 551
188 514
188 532
188 551
151 524
151 542
151 561
169 524
169 542
169 561
188 524
188 542
188 561
153 538
153 556
153 575
171 538
171 556
171 575
190 538
190 556
190 575
154 555
154 573
154 592
172 555
172 573
172 592
191 555
191 573
191 592
156 571
156 589
156 608
174 571
174 589
174 608
193 571
193 589
193 608
159 585
159 603
159 622
177 585
177 603
177 622
196 585
196 603
196 622
161 593
161 611
161 630
179 593
179 611
179 630
198 593
198 611
198 630
161 601
161 619
161 638
179 601
179 619
179 638
198 601
198 619
198 638
162 611
162 629
162 648
180 611
180 629
180 648
199 611
199 629
199 648
163 616
163 634
163 653
181 616
181 634
181 653
200 616
200 634
200 653
165 619
165 637
165 656
183 619
183 637
183 656
202 619
202 637
202 656
176 617
176 635
176 654
194 617
194 635
194 654
213 617
213 635
213 654
193 616
193 634
193 653
211 616
211 634
211 653
230 616
230 634
230 653
207 616
207 634
207 653
225 616
225 634
225 653
244 616
244 634
244 653
215 616
215 634
215 653
233 616
233 634
233 653
252 616
252 634
252 653
215 591
215 609
215 628
233 591
233 609
233 628
252 591
252 609
252 628
215 562
215 580
215 599
233 562
233 580
233 599
252 562
252 580
252 599
215 523
215 541
215 560
233 523
233 541
233 560
252 523
252 541
252 560
216 494
216 512
216 531
234 494
234 512
234 531
253 494
253 512
253 531
216 480
216 498
216 517
234 480
234 498
234 517
253 480
253 498
253 517
216 444
216 462
216 481
234 444
234 462
234 481
253 444
253 462
253 481
215 437
215 455
215 474
233 437
233 455
233 474
252 437
252 455
252 474
214 408
214 426
214 445
232 408
232 426
232 445
251 408
251 426
251 445
213 396
213 414
213 433
231 396
231 414
231 433
250 396
250 414
250 433
213 365
213 383
213 402
231 365
231 383
231 402
250 365
250 383
250 402
212 358
212 376
212 395
230 358
230 376
230 395
249 358
249 376
249 395
210 347
210 365
210 384
228 347
228 365
228 384
247 347
247 365
247 384
207 339
207 357
207 376
225 339
225 357
225 376
244 339
244 357
244 376
203 333
203 351
203 370
221 333
221 351
221 370
240 333
240 351
240 370
183 330
183 348
183 367
201 330
201 348
201 367
220 330
220 348
220 367
168 329
168 347
168 366
186 329
186 347
186 366
205 329
205 347
205 366
155 326
155 344
155 363
173 326
173 344
173 363
192 326
192 344
192 363
140 325
140 343
140 362
158 325
158 343
158 362
177 325
177 343
177 362
127 325
127 343
127 362
145 325
145 343
145 362
164 325
164 343
164 362
110 327
110 345
110 364
128 327
128 345
128 364
147 327
147 345
147 364
98 327
98 345
98 364
116 327
116 345
116 364
135 327
135 345
135 364
86 329
86 347
86 366
104 329
104 347
104 366
123 329
123 347
123 366
75 330
75 348
75 367
93 330
93 348
93 367
112 330
112 348
112 367
67 331
67 349
67 368
85 331
85 349
85 368
104 331
104 349
104 368
60 331
60 349
60 368
78 331
78 349
78 368
97 331
97 349
97 368
55 331
55 349
55 368
73 331
73 349
73 368
92 331
92 349
92 368
48 331
48 349
48 368
66 331
66 349
66 368
85 331
85 349
85 368
46 326
46 344
46 363
64 326
64 344
64 363
83 326
83 344
83 363
44 319
44 337
44 356
62 319
62 337
62 356
81 319
81 337
81 356
43 304
43 322
43 341
61 304
61 322
61 341
80 304
80 322
80 341
43 294
43 312
43 331
61 294
61 312
61 331
80 294
80 312
80 331
55 289
55 307
55 326
73 289
73 307
73 326
92 289
92 307
92 326
72 283
72 301
72 320
90 283
90 301
90 320
109 283
109 301
109 320
88 283
88 301
88 320
106 283
106 301
106 320
125 283
125 301
125 320
102 283
102 301
102 320
120 283
120 301
120 320
139 283
139 301
139 320
120 284
120 302
120 321
138 284
138 302
138 321
157 284
157 302
157 321
138 285
138 303
138 322
156 285
156 303
156 322
175 285
175 303
175 322
153 288
153 306
153 325
171 288
171 306
171 325
190 288
190 306
190 325
171 291
171 309
171 328
189 291
189 309
189 328
208 291
208 309
208 328
188 293
188 311
188 330
206 293
206 311
206 330
225 293
225 311
225 330
201 298
201 316
201 335
219 298
219 316
219 335
238 298
238 316
238 335
210 301
210 319
210 338
228 301
228 319
228 338
247 301
247 319
247 338
220 306
220 324
220 343
238 306
238 324
238 343
257 306
257 324
257 343
227 309
227 327
227 346
245 309
245 327
245 346
264 309
264 327
264 346
231 313
231 331
231 350
249 313
249 331
249 350
268 313
268 331
268 350
238 321
238 339
238 358
256 321
256 339
256 358
275 321
275 339
275 358
243 341
243 359
243 378
261 341
261 359
261 378
280 341
280 359
280 378
247 366
247 384
247 403
265 366
265 384
265 403
284 366
284 384
284 403
249 383
249 401
249 420
267 383
267 401
267 420
286 383
286 401
286 420
251 397
251 415
251 434
269 397
269 415
269 434
288 397
288 415
288 434
254 417
254 435
254 454
272 417
272 435
272 454
291 417
291 435
291 454
255 433
255 451
255 470
273 433
273 451
273 470
292 433
292 451
292 470
255 453
255 471
255 490
273 453
273 471
273 490
292 453
292 471
292 490
259 476
259 494
259 513
277 476
277 494
277 513
296 476
296 494
296 513
260 500
260 518
260 537
278 500
278 518
278 537
297 500
297 518
297 537
260 524
260 542
260 561
278 524
278 542
278 561
297 524
297 542
297 561
260 535
260 553
260 572
278 535
278 553
278 572
297 535
297 553
297 572
260 545
260 563
260 582
278 545
278 563
278 582
297 545
297 563
297 582
260 557
260 575
260 594
278 557
278 575
278 594
297 557
297 575
297 594
260 563
260 581
260 600
278 563
278 581
278 600
297 563
297 581
297 600
260 569
260 587
260 606
278 569
278 587
278 606
297 569
297 587
297 606
263 587
263 605
263 624
281 587
281 605
281 624
300 587
300 605
300 624
263 594
263 612
263 631
281 594
281 612
281 631
300 594
300 612
300 631
270 608
270 626
270 645
288 608
288 626
288 645
307 608
307 626
307 645
LINES:
1257 33 1256 678
1256 678 22 673
22 673 19 26
PUMPS:
