PARTICLES:
1191 107
1191 125
1191 144
1209 107
1209 125
1209 144
1228 107
1228 125
1228 144
1191 143
1191 161
1191 180
1209 143
1209 161
1209 180
1228 143
1228 161
1228 180
1191 169
1191 187
1191 206
1209 169
1209 187
1209 206
1228 169
1228 187
1228 206
1191 185
1191 203
1191 222
1209 185
1209 203
1209 222
1228 185
1228 203
1228 222
1191 203
1191 221
1191 240
1209 203
1209 221
1209 240
1228 203
1228 221
1228 240
1191 217
1191 235
1191 254
1209 217
1209 235
1209 254
1228 217
1228 235
1228 254
1191 249
1191 267
1191 286
1209 249
1209 267
1209 286
1228 249
1228 267
1228 286
1192 276
1192 294
1192 313
1210 276
1210 294
1210 313
1229 276
1229 294
1229 313
1192 301
1192 319
1192 338
1210 301
1210 319
1210 338
1229 301
1229 319
1229 338
1192 338
1192 356
1192 375
1210 338
1210 356
1210 375
1229 338
1229 356
1229 375
1192 379
1192 397
1192 416
1210 379
1210 397
1210 416
1229 379
1229 397
1229 416
1192 406
1192 424
1192 443
1210 406
1210 424
1210 443
1229 406
1229 424
1229 443
1192 429
1192 447
1192 466
1210 429
1210 447
1210 466
1229 429
1229 447
1229 466
1192 448
1192 466
1192 485
1210 448
1210 466
1210 485
1229 448
1229 466
1229 485
1192 470
1192 488
1192 507
1210 470
1210 488
1210 507
1229 470
1229 488
1229 507
1192 497
1192 515
1192 534
1210 497
1210 515
1210 534
1229 497
1229 515
1229 534
1192 511
1192 529
1192 548
1210 511
1210 529
1210 548
1229 511
1229 529
1229 548
1192 529
1192 547
1192 566
1210 529
1210 547
1210 566
1229 529
1229 547
1229 566
1191 538
1191 556
1191 575
1209 538
1209 556
1209 575
1228 538
1228 556
1228 575
1190 547
1190 565
1190 584
1208 547
1208 565
1208 584
1227 547
1227 565
1227 584
1188 560
1188 578
1188 597
1206 560
1206 578
1206 597
1225 560
1225 578
1225 597
1186 566
1186 584
1186 603
1204 566
1204 584
1204 603
1223 566
1223 584
1223 603
1182 573
1182 591
1182 610
1200 573
1200 591
1200 610
1219 573
1219 591
1219 610
1174 585
1174 603
1174 622
1192 585
1192 603
1192 622
1211 585
1211 603
1211 622
1168 587
1168 605
1168 624
1186 587
1186 605
1186 624
1205 587
1205 605
1205 624
1160 586
1160 604
1160 623
1178 586
1178 604
1178 623
1197 586
1197 604
1197 623
1147 559
1147 577
1147 596
1165 559
1165 577
1165 596
1184 559
1184 577
1184 596
1145 537
1145 555
1145 574
1163 537
1163 555
1163 574
1182 537
1182 555
1182 574
1146 523
1146 541
1146 560
1164 523
1164 541
1164 560
1183 523
1183 541
1183 560
1149 508
1149 526
1149 545
1167 508
1167 526
1167 545
1186 508
1186 526
1186 545
1152 466
1152 484
1152 503
1170 466
1170 484
1170 503
1189 466
1189 484
1189 503
1151 433
1151 451
1151 470
1169 433
1169 451
1169 470
1188 433
1188 451
1188 470
1150 391
1150 409
1150 428
1168 391
1168 409
1168 428
1187 391
1187 409
1187 428
1150 370
1150 388
1150 407
1168 370
1168 388
1168 407
1187 370
1187 388
1187 407
1150 339
1150 357
1150 376
1168 339
1168 357
1168 376
1187 339
1187 357
1187 376
1150 318
1150 336
1150 355
1168 318
1168 336
1168 355
1187 318
1187 336
1187 355
1153 273
1153 291
1153 310
1171 273
1171 291
1171 310
1190 273
1190 291
1190 310
1154 241
1154 259
1154 278
1172 241
1172 259
1172 278
1191 241
1191 259
1191 278
1155 205
1155 223
1155 242
1173 205
1173 223
1173 242
1192 205
1192 223
1192 242
1155 184
1155 202
1155 221
1173 184
1173 202
1173 221
1192 184
1192 202
1192 221
1155 167
1155 185
1155 204
1173 167
1173 185
1173 204
1192 167
1192 185
1192 204
1155 152
1155 170
1155 189
1173 152
1173 170
1173 189
1192 152
1192 170
1192 189
1155 145
1155 163
1155 182
1173 145
1173 163
1173 182
1192 145
1192 163
1192 182
1153 139
1153 157
1153 176
1171 139
1171 157
1171 176
1190 139
1190 157
1190 176
1146 131
1146 149
1146 168
1164 131
1164 149
1164 168
1183 131
1183 149
1183 168
1139 126
1139 144
1139 163
1157 126
1157 144
1157 163
1176 126
1176 144
1176 163
1130 129
1130 147
1130 166
1148 129
1148 147
1148 166
1167 129
1167 147
1167 166
1124 135
1124 153
1124 172
1142 135
1142 153
1142 172
1161 135
1161 153
1161 172
1123 143
1123 161
1123 180
1141 143
1141 161
1141 180
1160 143
1160 161
1160 180
1123 159
1123 177
1123 196
1141 159
1141 177
1141 196
1160 159
1160 177
1160 196
1123 175
1123 193
1123 212
1141 175
1141 193
1141 212
1160 175
1160 193
1160 212
1123 193
1123 211
1123 230
1141 193
1141 211
1141 230
1160 193
1160 211
1160 230
1123 226
1123 244
1123 263
1141 226
1141 244
1141 263
1160 226
1160 244
1160 263
1125 251
1125 269
1125 288
1143 251
1143 269
1143 288
1162 251
1162 269
1162 288
1123 271
1123 289
1123 308
1141 271
1141 289
1141 308
1160 271
1160 289
1160 308
1120 305
1120 323
1120 342
1138 305
1138 323
1138 342
1157 305
1157 323
1157 342
1120 338
1120 356
1120 375
1138 338
1138 356
1138 375
1157 338
1157 356
1157 375
1120 359
1120 377
1120 396
1138 359
1138 377
1138 396
1157 359
1157 377
1157 396
1120 376
1120 394
1120 413
1138 376
1138 394
1138 413
1157 376
1157 394
1157 413
1120 391
1120 409
1120 428
1138 391
1138 409
1138 428
1157 391
1157 409
1157 428
1120 414
1120 432
1120 451
1138 414
1138 432
1138 451
1157 414
1157 432
1157 451
1120 435
1120 453
1120 472
1138 435
1138 453
1138 472
1157 435
1157 453
1157 472
1120 456
1120 474
1120 493
1138 456
1138 474
1138 493
1157 456
1157 474
1157 493
1123 483
1123 501
1123 520
1141 483
1141 501
1141 520
1160 483
1160 501
1160 520
1123 493
1123 511
1123 530
1141 493
1141 511
1141 530
1160 493
1160 511
1160 530
1124 505
1124 523
1124 542
1142 505
1142 523
1142 542
1161 505
1161 523
1161 542
1124 517
1124 535
1124 554
1142 517
1142 535
1142 554
1161 517
1161 535
1161 554
1124 527
1124 545
1124 564
1142 527
1142 545
1142 564
1161 527
1161 545
1161 564
1125 543
1125 561
1125 580
1143 543
1143 561
1143 580
1162 543
1162 561
1162 580
1125 553
1125 571
1125 590
1143 553
1143 571
1143 590
1162 553
1162 571
1162 590
1123 564
1123 582
1123 601
1141 564
1141 582
1141 601
1160 564
1160 582
1160 601
1121 576
1121 594
1121 613
1139 576
1139 594
1139 613
1158 576
1158 594
1158 613
1119 584
1119 602
1119 621
1137 584
1137 602
1137 621
1156 584
1156 602
1156 621
1116 587
1116 605
1116 624
1134 587
1134 605
1134 624
1153 587
1153 605
1153 624
1110 575
1110 593
1110 612
1128 575
1128 593
1128 612
1147 575
1147 593
1147 612
1107 568
1107 586
1107 605
1125 568
1125 586
1125 605
1144 568
1144 586
1144 605
1105 563
1105 581
1105 600
1123 563
1123 581
1123 600
1142 563
1142 581
1142 600
1101 554
1101 572
1101 591
1119 554
1119 572
1119 591
1138 554
1138 572
1138 591
1100 544
1100 562
1100 581
1118 544
1118 562
1118 581
1137 544
1137 562
1137 581
1093 514
1093 532
1093 551
1111 514
1111 532
1111 551
1130 514
1130 532
1130 551
1091 504
1091 522
1091 541
1109 504
1109 522
1109 541
1128 504
1128 522
1128 541
1087 458
1087 476
1087 495
1105 458
1105 476
1105 495
1124 458
1124 476
1124 495
1085 447
1085 465
1085 484
1103 447
1103 465
1103 484
1122 447
1122 465
1122 484
1084 423
1084 441
1084 460
1102 423
1102 441
1102 460
1121 423
1121 441
1121 460
1086 378
1086 396
1086 415
1104 378
1104 396
1104 415
1123 378
1123 396
1123 415
1090 339
1090 357
1090 376
1108 339
1108 357
1108 376
1127 339
1127 357
1127 376
1090 318
1090 336
1090 355
1108 318
1108 336
1108 355
1127 318
1127 336
1127 355
1090 303
1090 321
1090 340
1108 303
1108 321
1108 340
1127 303
1127 321
1127 340
1090 286
1090 304
1090 323
1108 286
1108 304
1108 323
1127 286
1127 304
1127 323
1089 247
1089 265
1089 284
1107 247
1107 265
1107 284
1126 247
1126 265
1126 284
1089 238
1089 256
1089 275
1107 238
1107 256
1107 275
1126 238
1126 256
1126 275
1089 204
1089 222
1089 241
1107 204
1107 222
1107 241
1126 204
1126 222
1126 241
1089 191
1089 209
1089 228
1107 191
1107 209
1107 228
1126 191
1126 209
1126 228
1087 168
1087 186
1087 205
1105 168
1105 186
1105 205
1124 168
1124 186
1124 205
1085 159
1085 177
1085 196
1103 159
1103 177
1103 196
1122 159
1122 177
1122 196
1079 158
1079 176
1079 195
1097 158
1097 176
1097 195
1116 158
1116 176
1116 195
1074 175
1074 193
1074 212
1092 175
1092 193
1092 212
1111 175
1111 193
1111 212
1066 205
1066 223
1066 242
1084 205
1084 223
1084 242
1103 205
1103 223
1103 242
1065 216
1065 234
1065 253
1083 216
1083 234
1083 253
1102 216
1102 234
1102 253
1063 230
1063 248
1063 267
1081 230
1081 248
1081 267
1100 230
1100 248
1100 267
1062 239
1062 257
1062 276
1080 239
1080 257
1080 276
1099 239
1099 257
1099 276
1059 260
1059 278
1059 297
1077 260
1077 278
1077 297
1096 260
1096 278
1096 297
1057 272
1057 290
1057 309
1075 272
1075 290
1075 309
1094 272
1094 290
1094 309
1054 299
1054 317
1054 336
1072 299
1072 317
1072 336
1091 299
1091 317
1091 336
1054 314
1054 332
1054 351
1072 314
1072 332
1072 351
1091 314
1091 332
1091 351
1055 351
1055 369
1055 388
1073 351
1073 369
1073 388
1092 351
1092 369
1092 388
1055 379
1055 397
1055 416
1073 379
1073 397
1073 416
1092 379
1092 397
1092 416
1055 394
1055 412
1055 431
1073 394
1073 412
1073 431
1092 394
1092 412
1092 431
1055 418
1055 436
1055 455
1073 418
1073 436
1073 455
1092 418
1092 436
1092 455
1055 435
1055 453
1055 472
1073 435
1073 453
1073 472
1092 435
1092 453
1092 472
1056 458
1056 476
1056 495
1074 458
1074 476
1074 495
1093 458
1093 476
1093 495
1058 485
1058 503
1058 522
1076 485
1076 503
1076 522
1095 485
1095 503
1095 522
1059 500
1059 518
1059 537
1077 500
1077 518
1077 537
1096 500
1096 518
1096 537
1059 524
1059 542
1059 561
1077 524
1077 542
1077 561
1096 524
1096 542
1096 561
1059 534
1059 552
1059 571
1077 534
1077 552
1077 571
1096 534
1096 552
1096 571
1059 552
1059 570
1059 589
1077 552
1077 570
1077 589
1096 552
1096 570
1096 589
1059 566
1059 584
1059 603
1077 566
1077 584
1077 603
1096 566
1096 584
1096 603
1059 576
1059 594
1059 613
1077 576
1077 594
1077 613
1096 576
1096 594
1096 613
1056 588
1056 606
1056 625
1074 588
1074 606
1074 625
1093 588
1093 606
1093 625
1053 591
1053 609
1053 628
1071 591
1071 609
1071 628
1090 591
1090 609
1090 628
1050 584
1050 602
1050 621
1068 584
1068 602
1068 621
1087 584
1087 602
1087 621
1047 579
1047 597
1047 616
1065 579
1065 597
1065 616
1084 579
1084 597
1084 616
1044 571
1044 589
1044 608
1062 571
1062 589
1062 608
1081 571
1081 589
1081 608
1043 547
1043 565
1043 584
1061 547
1061 565
1061 584
1080 547
1080 565
1080 584
1043 540
1043 558
1043 577
1061 540
1061 558
1061 577
1080 540
1080 558
1080 577
LINES:
1255 30 1259 675
1259 675 49 609
49 609 40 21
PUMPS:
