PARTICLES:
299 195
299 213
299 232
317 195
317 213
317 232
336 195
336 213
336 232
335 196
335 214
335 233
353 196
353 214
353 233
372 196
372 214
372 233
364 198
364 216
364 235
382 198
382 216
382 235
401 198
401 216
401 235
385 199
385 217
385 236
403 199
403 217
403 236
422 199
422 217
422 236
415 202
415 220
415 239
433 202
433 220
433 239
452 202
452 220
452 239
443 205
443 223
443 242
461 205
461 223
461 242
480 205
480 223
480 242
485 206
485 224
485 243
503 206
503 224
503 243
522 206
522 224
522 243
537 209
537 227
537 246
555 209
555 227
555 246
574 209
574 227
574 246
583 214
583 232
583 251
601 214
601 232
601 251
620 214
620 232
620 251
633 217
633 235
633 254
651 217
651 235
651 254
670 217
670 235
670 254
677 220
677 238
677 257
695 220
695 238
695 257
714 220
714 238
714 257
724 222
724 240
724 259
742 222
742 240
742 259
761 222
761 240
761 259
765 223
765 241
765 260
783 223
783 241
783 260
802 223
802 241
802 260
812 223
812 241
812 260
830 223
830 241
830 260
849 223
849 241
849 260
859 223
859 241
859 260
877 223
877 241
877 260
896 223
896 241
896 260
913 224
913 242
913 261
931 224
931 242
931 261
950 224
950 242
950 261
964 225
964 243
964 262
982 225
982 243
982 262
1001 225
1001 243
1001 262
999 225
999 243
999 262
1017 225
1017 243
1017 262
1036 225
1036 243
1036 262
1021 225
1021 243
1021 262
1039 225
1039 243
1039 262
1058 225
1058 243
1058 262
1031 224
1031 242
1031 261
1049 224
1049 242
1049 261
1068 224
1068 242
1068 261
1042 214
1042 232
1042 251
1060 214
1060 232
1060 251
1079 214
1079 232
1079 251
1037 208
1037 226
1037 245
1055 208
1055 226
1055 245
1074 208
1074 226
1074 245
1022 199
1022 217
1022 236
1040 199
1040 217
1040 236
1059 199
1059 217
1059 236
1010 192
1010 210
1010 229
1028 192
1028 210
1028 229
1047 192
1047 210
1047 229
989 190
989 208
989 227
1007 190
1007 208
1007 227
1026 190
1026 208
1026 227
966 190
966 208
966 227
984 190
984 208
984 227
1003 190
1003 208
1003 227
937 190
937 208
937 227
955 190
955 208
955 227
974 190
974 208
974 227
899 190
899 208
899 227
917 190
917 208
917 227
936 190
936 208
936 227
869 189
869 207
869 226
887 189
887 207
887 226
906 189
906 207
906 226
826 187
826 205
826 224
844 187
844 205
844 224
863 187
863 205
863 224
784 185
784 203
784 222
802 185
802 203
802 222
821 185
821 203
821 222
738 184
738 202
738 221
756 184
756 202
756 221
775 184
775 202
775 221
697 183
697 201
697 220
715 183
715 201
715 220
734 183
734 201
734 220
655 183
655 201
655 220
673 183
673 201
673 220
692 183
692 201
692 220
614 182
614 200
614 219
632 182
632 200
632 219
651 182
651 200
651 219
569 182
569 200
569 219
587 182
587 200
587 219
606 182
606 200
606 219
519 182
519 200
519 219
537 182
537 200
537 219
556 182
556 200
556 219
469 182
469 200
469 219
487 182
487 200
487 219
506 182
506 200
506 219
425 180
425 198
425 217
443 180
443 198
443 217
462 180
462 198
462 217
381 177
381 195
381 214
399 177
399 195
399 214
418 177
418 195
418 214
344 175
344 193
344 212
362 175
362 193
362 212
381 175
381 193
381 212
318 173
318 191
318 210
336 173
336 191
336 210
355 173
355 191
355 210
297 168
297 186
297 205
315 168
315 186
315 205
334 168
334 186
334 205
291 164
291 182
291 201
309 164
309 182
309 201
328 164
328 182
328 201
297 159
297 177
297 196
315 159
315 177
315 196
334 159
334 177
334 196
325 151
325 169
325 188
343 151
343 169
343 188
362 151
362 169
362 188
364 149
364 167
364 186
382 149
382 167
382 186
401 149
401 167
401 186
400 145
400 163
400 182
418 145
418 163
418 182
437 145
437 163
437 182
420 143
420 161
420 180
438 143
438 161
438 180
457 143
457 161
457 180
453 142
453 160
453 179
471 142
471 160
471 179
490 142
490 160
490 179
495 141
495 159
495 178
513 141
513 159
513 178
532 141
532 159
532 178
539 142
539 160
539 179
557 142
557 160
557 179
576 142
576 160
576 179
557 142
557 160
557 179
575 142
575 160
575 179
594 142
594 160
594 179
626 143
626 161
626 180
644 143
644 161
644 180
663 143
663 161
663 180
698 147
698 165
698 184
716 147
716 165
716 184
735 147
735 165
735 184
743 148
743 166
743 185
761 148
761 166
761 185
780 148
780 166
780 185
777 151
777 169
777 188
795 151
795 169
795 188
814 151
814 169
814 188
812 151
812 169
812 188
830 151
830 169
830 188
849 151
849 169
849 188
844 151
844 169
844 188
862 151
862 169
862 188
881 151
881 169
881 188
877 150
877 168
877 187
895 150
895 168
895 187
914 150
914 168
914 187
904 148
904 166
904 185
922 148
922 166
922 185
941 148
941 166
941 185
944 145
944 163
944 182
962 145
962 163
962 182
981 145
981 163
981 182
977 144
977 162
977 181
995 144
995 162
995 181
1014 144
1014 162
1014 181
1009 144
1009 162
1009 181
1027 144
1027 162
1027 181
1046 144
1046 162
1046 181
1039 145
1039 163
1039 182
1057 145
1057 163
1057 182
1076 145
1076 163
1076 182
1059 147
1059 165
1059 184
1077 147
1077 165
1077 184
1096 147
1096 165
1096 184
1068 147
1068 165
1068 184
1086 147
1086 165
1086 184
1105 147
1105 165
1105 184
1075 147
1075 165
1075 184
1093 147
1093 165
1093 184
1112 147
1112 165
1112 184
1077 138
1077 156
1077 175
1095 138
1095 156
1095 175
1114 138
1114 156
1114 175
1070 122
1070 140
1070 159
1088 122
1088 140
1088 159
1107 122
1107 140
1107 159
1047 108
1047 126
1047 145
1065 108
1065 126
1065 145
1084 108
1084 126
1084 145
1028 103
1028 121
1028 140
1046 103
1046 121
1046 140
1065 103
1065 121
1065 140
998 100
998 118
998 137
1016 100
1016 118
1016 137
1035 100
1035 118
1035 137
961 95
961 113
961 132
979 95
979 113
979 132
998 95
998 113
998 132
910 95
910 113
910 132
928 95
928 113
928 132
947 95
947 113
947 132
861 95
861 113
861 132
879 95
879 113
879 132
898 95
898 113
898 132
836 95
836 113
836 132
854 95
854 113
854 132
873 95
873 113
873 132
801 95
801 113
801 132
819 95
819 113
819 132
838 95
838 113
838 132
720 95
720 113
720 132
738 95
738 113
738 132
757 95
757 113
757 132
669 92
669 110
669 129
687 92
687 110
687 129
706 92
706 110
706 129
627 90
627 108
627 127
645 90
645 108
645 127
664 90
664 108
664 127
589 87
589 105
589 124
607 87
607 105
607 124
626 87
626 105
626 124
547 85
547 103
547 122
565 85
565 103
565 122
584 85
584 103
584 122
505 84
505 102
505 121
523 84
523 102
523 121
542 84
542 102
542 121
461 83
461 101
461 120
479 83
479 101
479 120
498 83
498 101
498 120
421 81
421 99
421 118
439 81
439 99
439 118
458 81
458 99
458 118
385 81
385 99
385 118
403 81
403 99
403 118
422 81
422 99
422 118
356 83
356 101
356 120
374 83
374 101
374 120
393 83
393 101
393 120
324 91
324 109
324 128
342 91
342 109
342 128
361 91
361 109
361 128
305 97
305 115
305 134
323 97
323 115
323 134
342 97
342 115
342 134
297 103
297 121
297 140
315 103
315 121
315 140
334 103
334 121
334 140
293 107
293 125
293 144
311 107
311 125
311 144
330 107
330 125
330 144
329 114
329 132
329 151
347 114
347 132
347 151
366 114
366 132
366 151
385 119
385 137
385 156
403 119
403 137
403 156
422 119
422 137
422 156
445 121
445 139
445 158
463 121
463 139
463 158
482 121
482 139
482 158
497 119
497 137
497 156
515 119
515 137
515 156
534 119
534 137
534 156
538 121
538 139
538 158
556 121
556 139
556 158
575 121
575 139
575 158
587 121
587 139
587 158
605 121
605 139
605 158
624 121
624 139
624 158
644 122
644 140
644 159
662 122
662 140
662 159
681 122
681 140
681 159
681 123
681 141
681 160
699 123
699 141
699 160
718 123
718 141
718 160
696 124
696 142
696 161
714 124
714 142
714 161
733 124
733 142
733 161
736 127
736 145
736 164
754 127
754 145
754 164
773 127
773 145
773 164
839 135
839 153
839 172
857 135
857 153
857 172
876 135
876 153
876 172
898 140
898 158
898 177
916 140
916 158
916 177
935 140
935 158
935 177
929 142
929 160
929 179
947 142
947 160
947 179
966 142
966 160
966 179
957 143
957 161
957 180
975 143
975 161
975 180
994 143
994 161
994 180
974 144
974 162
974 181
992 144
992 162
992 181
1011 144
1011 162
1011 181
991 149
991 167
991 186
1009 149
1009 167
1009 186
1028 149
1028 167
1028 186
994 154
994 172
994 191
1012 154
1012 172
1012 191
1031 154
1031 172
1031 191
986 161
986 179
986 198
1004 161
1004 179
1004 198
1023 161
1023 179
1023 198
901 181
901 199
901 218
919 181
919 199
919 218
938 181
938 199
938 218
843 184
843 202
843 221
861 184
861 202
861 221
880 184
880 202
880 221
793 185
793 203
793 222
811 185
811 203
811 222
830 185
830 203
830 222
746 183
746 201
746 220
764 183
764 201
764 220
783 183
783 201
783 220
706 179
706 197
706 216
724 179
724 197
724 216
743 179
743 197
743 216
667 178
667 196
667 215
685 178
685 196
685 215
704 178
704 196
704 215
614 172
614 190
614 209
632 172
632 190
632 209
651 172
651 190
651 209
572 167
572 185
572 204
590 167
590 185
590 204
609 167
609 185
609 204
532 167
532 185
532 204
550 167
550 185
550 204
569 167
569 185
569 204
490 167
490 185
490 204
508 167
508 185
508 204
527 167
527 185
527 204
452 171
452 189
452 208
470 171
470 189
470 208
489 171
489 189
489 208
421 171
421 189
421 208
439 171
439 189
439 208
458 171
458 189
458 208
380 174
380 192
380 211
398 174
398 192
398 211
417 174
417 192
417 211
342 181
342 199
342 218
360 181
360 199
360 218
379 181
379 199
379 218
325 188
325 206
325 225
343 188
343 206
343 225
362 188
362 206
362 225
329 195
329 213
329 232
347 195
347 213
347 232
366 195
366 213
366 232
353 211
353 229
353 248
371 211
371 229
371 248
390 211
390 229
390 248
381 215
381 233
381 252
399 215
399 233
399 252
418 215
418 233
418 252
421 215
421 233
421 252
439 215
439 233
439 252
458 215
458 233
458 252
458 211
458 229
458 248
476 211
476 229
476 248
495 211
495 229
495 248
498 210
498 228
498 247
516 210
516 228
516 247
535 210
535 228
535 247
532 207
532 225
532 244
550 207
550 225
550 244
569 207
569 225
569 244
577 207
577 225
577 244
595 207
595 225
595 244
614 207
614 225
614 244
619 207
619 225
619 244
637 207
637 225
637 244
656 207
656 225
656 244
663 208
663 226
663 245
681 208
681 226
681 245
700 208
700 226
700 245
711 208
711 226
711 245
729 208
729 226
729 245
748 208
748 226
748 245
758 208
758 226
758 245
776 208
776 226
776 245
795 208
795 226
795 245
809 209
809 227
809 246
827 209
827 227
827 246
846 209
846 227
846 246
855 211
855 229
855 248
873 211
873 229
873 248
892 211
892 229
892 248
908 215
908 233
908 252
926 215
926 233
926 252
945 215
945 233
945 252
969 219
969 237
969 256
987 219
987 237
987 256
1006 219
1006 237
1006 256
1022 226
1022 244
1022 263
1040 226
1040 244
1040 263
1059 226
1059 244
1059 263
1047 231
1047 249
1047 268
1065 231
1065 249
1065 268
1084 231
1084 249
1084 268
1056 236
1056 254
1056 273
1074 236
1074 254
1074 273
1093 236
1093 254
1093 273
1057 242
1057 260
1057 279
1075 242
1075 260
1075 279
1094 242
1094 260
1094 279
1034 242
1034 260
1034 279
1052 242
1052 260
1052 279
1071 242
1071 260
1071 279
980 252
980 270
980 289
998 252
998 270
998 289
1017 252
1017 270
1017 289
948 256
948 274
948 293
966 256
966 274
966 293
985 256
985 274
985 293
908 257
908 275
908 294
926 257
926 275
926 294
945 257
945 275
945 294
877 258
877 276
877 295
895 258
895 276
895 295
914 258
914 276
914 295
837 258
837 276
837 295
855 258
855 276
855 295
874 258
874 276
874 295
789 255
789 273
789 292
807 255
807 273
807 292
826 255
826 273
826 292
747 251
747 269
747 288
765 251
765 269
765 288
784 251
784 269
784 288
703 246
703 264
703 283
721 246
721 264
721 283
740 246
740 264
740 283
663 239
663 257
663 276
681 239
681 257
681 276
700 239
700 257
700 276
625 232
625 250
625 269
643 232
643 250
643 269
662 232
662 250
662 269
589 227
589 245
589 264
607 227
607 245
607 264
626 227
626 245
626 264
552 224
552 242
552 261
570 224
570 242
570 261
589 224
589 242
589 261
504 220
504 238
504 257
522 220
522 238
522 257
541 220
541 238
541 257
452 212
452 230
452 249
470 212
470 230
470 249
489 212
489 230
489 249
401 208
401 226
401 245
419 208
419 226
419 245
438 208
438 226
438 245
361 210
361 228
361 247
379 210
379 228
379 247
398 210
398 228
398 247
352 211
352 229
352 248
370 211
370 229
370 248
389 211
389 229
389 248
353 219
353 237
353 256
371 219
371 237
371 256
390 219
390 237
390 256
381 240
381 258
381 277
399 240
399 258
399 277
418 240
418 258
418 277
405 249
405 267
405 286
423 249
423 267
423 286
442 249
442 267
442 286
437 251
437 269
437 288
455 251
455 269
455 288
474 251
474 269
474 288
474 253
474 271
474 290
492 253
492 271
492 290
511 253
511 271
511 290
509 253
509 271
509 290
527 253
527 271
527 290
546 253
546 271
546 290
546 253
546 271
546 290
564 253
564 271
564 290
583 253
583 271
583 290
585 253
585 271
585 290
603 253
603 271
603 290
622 253
622 271
622 290
626 253
626 271
626 290
644 253
644 271
644 290
663 253
663 271
663 290
672 253
672 271
672 290
690 253
690 271
690 290
709 253
709 271
709 290
714 255
714 273
714 292
732 255
732 273
732 292
751 255
751 273
751 292
752 255
752 273
752 292
770 255
770 273
770 292
789 255
789 273
789 292
795 257
795 275
795 294
813 257
813 275
813 294
832 257
832 275
832 294
830 261
830 279
830 298
848 261
848 279
848 298
867 261
867 279
867 298
866 264
866 282
866 301
884 264
884 282
884 301
903 264
903 282
903 301
912 267
912 285
912 304
930 267
930 285
930 304
949 267
949 285
949 304
954 269
954 287
954 306
972 269
972 287
972 306
991 269
991 287
991 306
985 274
985 292
985 311
1003 274
1003 292
1003 311
1022 274
1022 292
1022 311
1006 283
1006 301
1006 320
1024 283
1024 301
1024 320
1043 283
1043 301
1043 320
1014 291
1014 309
1014 328
1032 291
1032 309
1032 328
1051 291
1051 309
1051 328
1009 299
1009 317
1009 336
1027 299
1027 317
1027 336
1046 299
1046 317
1046 336
994 303
994 321
994 340
1012 303
1012 321
1012 340
1031 303
1031 321
1031 340
902 319
902 337
902 356
920 319
920 337
920 356
939 319
939 337
939 356
870 318
870 336
870 355
888 318
888 336
888 355
907 318
907 336
907 355
835 311
835 329
835 348
853 311
853 329
853 348
872 311
872 329
872 348
783 305
783 323
783 342
801 305
801 323
801 342
820 305
820 323
820 342
725 299
725 317
725 336
743 299
743 317
743 336
762 299
762 317
762 336
657 293
657 311
657 330
675 293
675 311
675 330
694 293
694 311
694 330
600 280
600 298
600 317
618 280
618 298
618 317
637 280
637 298
637 317
548 266
548 284
548 303
566 266
566 284
566 303
585 266
585 284
585 303
501 255
501 273
501 292
519 255
519 273
519 292
538 255
538 273
538 292
451 251
451 269
451 288
469 251
469 269
469 288
488 251
488 269
488 288
407 244
407 262
407 281
425 244
425 262
425 281
444 244
444 262
444 281
371 247
371 265
371 284
389 247
389 265
389 284
408 247
408 265
408 284
358 248
358 266
358 285
376 248
376 266
376 285
395 248
395 266
395 285
354 255
354 273
354 292
372 255
372 273
372 292
391 255
391 273
391 292
362 271
362 289
362 308
380 271
380 289
380 308
399 271
399 289
399 308
395 290
395 308
395 327
413 290
413 308
413 327
432 290
432 308
432 327
441 293
441 311
441 330
459 293
459 311
459 330
478 293
478 311
478 330
482 293
482 311
482 330
500 293
500 311
500 330
519 293
519 311
519 330
530 293
530 311
530 330
548 293
548 311
548 330
567 293
567 311
567 330
579 295
579 313
579 332
597 295
597 313
597 332
616 295
616 313
616 332
631 294
631 312
631 331
649 294
649 312
649 331
668 294
668 312
668 331
681 293
681 311
681 330
699 293
699 311
699 330
718 293
718 311
718 330
729 290
729 308
729 327
747 290
747 308
747 327
766 290
766 308
766 327
777 288
777 306
777 325
795 288
795 306
795 325
814 288
814 306
814 325
833 288
833 306
833 325
851 288
851 306
851 325
870 288
870 306
870 325
881 288
881 306
881 325
899 288
899 306
899 325
918 288
918 306
918 325
925 288
925 306
925 325
943 288
943 306
943 325
962 288
962 306
962 325
971 291
971 309
971 328
989 291
989 309
989 328
1008 291
1008 309
1008 328
991 296
991 314
991 333
1009 296
1009 314
1009 333
1028 296
1028 314
1028 333
993 302
993 320
993 339
1011 302
1011 320
1011 339
1030 302
1030 320
1030 339
986 314
986 332
986 351
1004 314
1004 332
1004 351
1023 314
1023 332
1023 351
981 320
981 338
981 357
999 320
999 338
999 357
1018 320
1018 338
1018 357
976 323
976 341
976 360
994 323
994 341
994 360
1013 323
1013 341
1013 360
937 349
937 367
937 386
955 349
955 367
955 386
974 349
974 367
974 386
919 359
919 377
919 396
937 359
937 377
937 396
956 359
956 377
956 396
889 359
889 377
889 396
907 359
907 377
907 396
926 359
926 377
926 396
863 359
863 377
863 396
881 359
881 377
881 396
900 359
900 377
900 396
831 361
831 379
831 398
849 361
849 379
849 398
868 361
868 379
868 398
761 363
761 381
761 400
779 363
779 381
779 400
798 363
798 381
798 400
720 359
720 377
720 396
738 359
738 377
738 396
757 359
757 377
757 396
677 347
677 365
677 384
695 347
695 365
695 384
714 347
714 365
714 384
642 336
642 354
642 373
660 336
660 354
660 373
679 336
679 354
679 373
611 326
611 344
611 363
629 326
629 344
629 363
648 326
648 344
648 363
577 320
577 338
577 357
595 320
595 338
595 357
614 320
614 338
614 357
533 308
533 326
533 345
551 308
551 326
551 345
570 308
570 326
570 345
483 298
483 316
483 335
501 298
501 316
501 335
520 298
520 316
520 335
453 298
453 316
453 335
471 298
471 316
471 335
490 298
490 316
490 335
449 302
449 320
449 339
467 302
467 320
467 339
486 302
486 320
486 339
493 323
493 341
493 360
511 323
511 341
511 360
530 323
530 341
530 360
542 339
542 357
542 376
560 339
560 357
560 376
579 339
579 357
579 376
606 338
606 356
606 375
624 338
624 356
624 375
643 338
643 356
643 375
654 338
654 356
654 375
672 338
672 356
672 375
691 338
691 356
691 375
696 341
696 359
696 378
714 341
714 359
714 378
733 341
733 359
733 378
744 344
744 362
744 381
762 344
762 362
762 381
781 344
781 362
781 381
797 344
797 362
797 381
815 344
815 362
815 381
834 344
834 362
834 381
864 342
864 360
864 379
882 342
882 360
882 379
901 342
901 360
901 379
906 343
906 361
906 380
924 343
924 361
924 380
943 343
943 361
943 380
LINES:
1253 23 1251 674
1251 674 29 671
29 671 26 18
74 464 75 624
75 624 1141 627
1141 627 1142 479
1142 479 616 479
616 479 246 301
246 301 73 467
PUMPS:
526 621 624 673 -350 0
