PARTICLES:
211 316
211 334
211 353
229 316
229 334
229 353
248 316
248 334
248 353
250 321
250 339
250 358
268 321
268 339
268 358
287 321
287 339
287 358
290 322
290 340
290 359
308 322
308 340
308 359
327 322
327 340
327 359
322 323
322 341
322 360
340 323
340 341
340 360
359 323
359 341
359 360
358 322
358 340
358 359
376 322
376 340
376 359
395 322
395 340
395 359
398 318
398 336
398 355
416 318
416 336
416 355
435 318
435 336
435 355
426 318
426 336
426 355
444 318
444 336
444 355
463 318
463 336
463 355
461 319
461 337
461 356
479 319
479 337
479 356
498 319
498 337
498 356
495 318
495 336
495 355
513 318
513 336
513 355
532 318
532 336
532 355
522 319
522 337
522 356
540 319
540 337
540 356
559 319
559 337
559 356
546 325
546 343
546 362
564 325
564 343
564 362
583 325
583 343
583 362
566 329
566 347
566 366
584 329
584 347
584 366
603 329
603 347
603 366
579 340
579 358
579 377
597 340
597 358
597 377
616 340
616 358
616 377
596 363
596 381
596 400
614 363
614 381
614 400
633 363
633 381
633 400
608 380
608 398
608 417
626 380
626 398
626 417
645 380
645 398
645 417
619 389
619 407
619 426
637 389
637 407
637 426
656 389
656 407
656 426
630 399
630 417
630 436
648 399
648 417
648 436
667 399
667 417
667 436
643 410
643 428
643 447
661 410
661 428
661 447
680 410
680 428
680 447
660 417
660 435
660 454
678 417
678 435
678 454
697 417
697 435
697 454
686 421
686 439
686 458
704 421
704 439
704 458
723 421
723 439
723 458
727 421
727 439
727 458
745 421
745 439
745 458
764 421
764 439
764 458
783 422
783 440
783 459
801 422
801 440
801 459
820 422
820 440
820 459
832 421
832 439
832 458
850 421
850 439
850 458
869 421
869 439
869 458
856 421
856 439
856 458
874 421
874 439
874 458
893 421
893 439
893 458
890 422
890 440
890 459
908 422
908 440
908 459
927 422
927 440
927 459
919 424
919 442
919 461
937 424
937 442
937 461
956 424
956 442
956 461
972 427
972 445
972 464
990 427
990 445
990 464
1009 427
1009 445
1009 464
1034 432
1034 450
1034 469
1052 432
1052 450
1052 469
1071 432
1071 450
1071 469
1084 438
1084 456
1084 475
1102 438
1102 456
1102 475
1121 438
1121 456
1121 475
1128 443
1128 461
1128 480
1146 443
1146 461
1146 480
1165 443
1165 461
1165 480
1146 444
1146 462
1146 481
1164 444
1164 462
1164 481
1183 444
1183 462
1183 481
1158 439
1158 457
1158 476
1176 439
1176 457
1176 476
1195 439
1195 457
1195 476
1169 430
1169 448
1169 467
1187 430
1187 448
1187 467
1206 430
1206 448
1206 467
1170 425
1170 443
1170 462
1188 425
1188 443
1188 462
1207 425
1207 443
1207 462
1165 418
1165 436
1165 455
1183 418
1183 436
1183 455
1202 418
1202 436
1202 455
1152 408
1152 426
1152 445
1170 408
1170 426
1170 445
1189 408
1189 426
1189 445
1134 396
1134 414
1134 433
1152 396
1152 414
1152 433
1171 396
1171 414
1171 433
1109 392
1109 410
1109 429
1127 392
1127 410
1127 429
1146 392
1146 410
1146 429
1084 390
1084 408
1084 427
1102 390
1102 408
1102 427
1121 390
1121 408
1121 427
1058 390
1058 408
1058 427
1076 390
1076 408
1076 427
1095 390
1095 408
1095 427
982 387
982 405
982 424
1000 387
1000 405
1000 424
1019 387
1019 405
1019 424
931 385
931 403
931 422
949 385
949 403
949 422
968 385
968 403
968 422
897 384
897 402
897 421
915 384
915 402
915 421
934 384
934 402
934 421
869 381
869 399
869 418
887 381
887 399
887 418
906 381
906 399
906 418
850 381
850 399
850 418
868 381
868 399
868 418
887 381
887 399
887 418
835 381
835 399
835 418
853 381
853 399
853 418
872 381
872 399
872 418
815 381
815 399
815 418
833 381
833 399
833 418
852 381
852 399
852 418
774 379
774 397
774 416
792 379
792 397
792 416
811 379
811 397
811 416
752 375
752 393
752 412
770 375
770 393
770 412
789 375
789 393
789 412
730 370
730 388
730 407
748 370
748 388
748 407
767 370
767 388
767 407
716 365
716 383
716 402
734 365
734 383
734 402
753 365
753 383
753 402
687 349
687 367
687 386
705 349
705 367
705 386
724 349
724 367
724 386
670 342
670 360
670 379
688 342
688 360
688 379
707 342
707 360
707 379
660 339
660 357
660 376
678 339
678 357
678 376
697 339
697 357
697 376
649 335
649 353
649 372
667 335
667 353
667 372
686 335
686 353
686 372
636 330
636 348
636 367
654 330
654 348
654 367
673 330
673 348
673 367
622 319
622 337
622 356
640 319
640 337
640 356
659 319
659 337
659 356
607 307
607 325
607 344
625 307
625 325
625 344
644 307
644 325
644 344
589 297
589 315
589 334
607 297
607 315
607 334
626 297
626 315
626 334
570 292
570 310
570 329
588 292
588 310
588 329
607 292
607 310
607 329
545 288
545 306
545 325
563 288
563 306
563 325
582 288
582 306
582 325
523 285
523 303
523 322
541 285
541 303
541 322
560 285
560 303
560 322
488 281
488 299
488 318
506 281
506 299
506 318
525 281
525 299
525 318
453 281
453 299
453 318
471 281
471 299
471 318
490 281
490 299
490 318
424 281
424 299
424 318
442 281
442 299
442 318
461 281
461 299
461 318
405 281
405 299
405 318
423 281
423 299
423 318
442 281
442 299
442 318
356 281
356 299
356 318
374 281
374 299
374 318
393 281
393 299
393 318
318 280
318 298
318 317
336 280
336 298
336 317
355 280
355 298
355 317
294 280
294 298
294 317
312 280
312 298
312 317
331 280
331 298
331 317
272 281
272 299
272 318
290 281
290 299
290 318
309 281
309 299
309 318
241 281
241 299
241 318
259 281
259 299
259 318
278 281
278 299
278 318
220 281
220 299
220 318
238 281
238 299
238 318
257 281
257 299
257 318
205 275
205 293
205 312
223 275
223 293
223 312
242 275
242 293
242 312
194 267
194 285
194 304
212 267
212 285
212 304
231 267
231 285
231 304
190 263
190 281
190 300
208 263
208 281
208 300
227 263
227 281
227 300
197 253
197 271
197 290
215 253
215 271
215 290
234 253
234 271
234 290
225 243
225 261
225 280
243 243
243 261
243 280
262 243
262 261
262 280
258 240
258 258
258 277
276 240
276 258
276 277
295 240
295 258
295 277
293 240
293 258
293 277
311 240
311 258
311 277
330 240
330 258
330 277
330 239
330 257
330 276
348 239
348 257
348 276
367 239
367 257
367 276
357 239
357 257
357 276
375 239
375 257
375 276
394 239
394 257
394 276
373 239
373 257
373 276
391 239
391 257
391 276
410 239
410 257
410 276
395 238
395 256
395 275
413 238
413 256
413 275
432 238
432 256
432 275
452 237
452 255
452 274
470 237
470 255
470 274
489 237
489 255
489 274
502 241
502 259
502 278
520 241
520 259
520 278
539 241
539 259
539 278
535 249
535 267
535 286
553 249
553 267
553 286
572 249
572 267
572 286
572 257
572 275
572 294
590 257
590 275
590 294
609 257
609 275
609 294
599 264
599 282
599 301
617 264
617 282
617 301
636 264
636 282
636 301
609 269
609 287
609 306
627 269
627 287
627 306
646 269
646 287
646 306
620 273
620 291
620 310
638 273
638 291
638 310
657 273
657 291
657 310
635 277
635 295
635 314
653 277
653 295
653 314
672 277
672 295
672 314
646 281
646 299
646 318
664 281
664 299
664 318
683 281
683 299
683 318
670 292
670 310
670 329
688 292
688 310
688 329
707 292
707 310
707 329
694 302
694 320
694 339
712 302
712 320
712 339
731 302
731 320
731 339
723 312
723 330
723 349
741 312
741 330
741 349
760 312
760 330
760 349
733 315
733 333
733 352
751 315
751 333
751 352
770 315
770 333
770 352
782 325
782 343
782 362
800 325
800 343
800 362
819 325
819 343
819 362
838 336
838 354
838 373
856 336
856 354
856 373
875 336
875 354
875 373
885 341
885 359
885 378
903 341
903 359
903 378
922 341
922 359
922 378
934 349
934 367
934 386
952 349
952 367
952 386
971 349
971 367
971 386
977 357
977 375
977 394
995 357
995 375
995 394
1014 357
1014 375
1014 394
1021 363
1021 381
1021 400
1039 363
1039 381
1039 400
1058 363
1058 381
1058 400
1050 365
1050 383
1050 402
1068 365
1068 383
1068 402
1087 365
1087 383
1087 402
1076 363
1076 381
1076 400
1094 363
1094 381
1094 400
1113 363
1113 381
1113 400
1100 359
1100 377
1100 396
1118 359
1118 377
1118 396
1137 359
1137 377
1137 396
1114 357
1114 375
1114 394
1132 357
1132 375
1132 394
1151 357
1151 375
1151 394
1130 359
1130 377
1130 396
1148 359
1148 377
1148 396
1167 359
1167 377
1167 396
1139 363
1139 381
1139 400
1157 363
1157 381
1157 400
1176 363
1176 381
1176 400
1146 368
1146 386
1146 405
1164 368
1164 386
1164 405
1183 368
1183 386
1183 405
1153 377
1153 395
1153 414
1171 377
1171 395
1171 414
1190 377
1190 395
1190 414
1161 401
1161 419
1161 438
1179 401
1179 419
1179 438
1198 401
1198 419
1198 438
1160 417
1160 435
1160 454
1178 417
1178 435
1178 454
1197 417
1197 435
1197 454
1148 433
1148 451
1148 470
1166 433
1166 451
1166 470
1185 433
1185 451
1185 470
1097 441
1097 459
1097 478
1115 441
1115 459
1115 478
1134 441
1134 459
1134 478
1050 441
1050 459
1050 478
1068 441
1068 459
1068 478
1087 441
1087 459
1087 478
1005 432
1005 450
1005 469
1023 432
1023 450
1023 469
1042 432
1042 450
1042 469
972 421
972 439
972 458
990 421
990 439
990 458
1009 421
1009 439
1009 458
944 413
944 431
944 450
962 413
962 431
962 450
981 413
981 431
981 450
908 405
908 423
908 442
926 405
926 423
926 442
945 405
945 423
945 442
871 399
871 417
871 436
889 399
889 417
889 436
908 399
908 417
908 436
834 392
834 410
834 429
852 392
852 410
852 429
871 392
871 410
871 429
802 387
802 405
802 424
820 387
820 405
820 424
839 387
839 405
839 424
756 384
756 402
756 421
774 384
774 402
774 421
793 384
793 402
793 421
714 379
714 397
714 416
732 379
732 397
732 416
751 379
751 397
751 416
676 370
676 388
676 407
694 370
694 388
694 407
713 370
713 388
713 407
638 355
638 373
638 392
656 355
656 373
656 392
675 355
675 373
675 392
604 333
604 351
604 370
622 333
622 351
622 370
641 333
641 351
641 370
575 316
575 334
575 353
593 316
593 334
593 353
612 316
612 334
612 353
541 289
541 307
541 326
559 289
559 307
559 326
578 289
578 307
578 326
506 272
506 290
506 309
524 272
524 290
524 309
543 272
543 290
543 309
469 261
469 279
469 298
487 261
487 279
487 298
506 261
506 279
506 298
421 256
421 274
421 293
439 256
439 274
439 293
458 256
458 274
458 293
370 255
370 273
370 292
388 255
388 273
388 292
407 255
407 273
407 292
326 263
326 281
326 300
344 263
344 281
344 300
363 263
363 281
363 300
286 271
286 289
286 308
304 271
304 289
304 308
323 271
323 289
323 308
251 277
251 295
251 314
269 277
269 295
269 314
288 277
288 295
288 314
229 285
229 303
229 322
247 285
247 303
247 322
266 285
266 303
266 322
237 293
237 311
237 330
255 293
255 311
255 330
274 293
274 311
274 330
288 310
288 328
288 347
306 310
306 328
306 347
325 310
325 328
325 347
342 310
342 328
342 347
360 310
360 328
360 347
379 310
379 328
379 347
398 312
398 330
398 349
416 312
416 330
416 349
435 312
435 330
435 349
452 312
452 330
452 349
470 312
470 330
470 349
489 312
489 330
489 349
502 313
502 331
502 350
520 313
520 331
520 350
539 313
539 331
539 350
547 316
547 334
547 353
565 316
565 334
565 353
584 316
584 334
584 353
590 321
590 339
590 358
608 321
608 339
608 358
627 321
627 339
627 358
626 330
626 348
626 367
644 330
644 348
644 367
663 330
663 348
663 367
658 345
658 363
658 382
676 345
676 363
676 382
695 345
695 363
695 382
683 364
683 382
683 401
701 364
701 382
701 401
720 364
720 382
720 401
714 391
714 409
714 428
732 391
732 409
732 428
751 391
751 409
751 428
750 413
750 431
750 450
768 413
768 431
768 450
787 413
787 431
787 450
797 427
797 445
797 464
815 427
815 445
815 464
834 427
834 445
834 464
850 436
850 454
850 473
868 436
868 454
868 473
887 436
887 454
887 473
922 437
922 455
922 474
940 437
940 455
940 474
959 437
959 455
959 474
1001 431
1001 449
1001 468
1019 431
1019 449
1019 468
1038 431
1038 449
1038 468
1066 429
1066 447
1066 466
1084 429
1084 447
1084 466
1103 429
1103 447
1103 466
1085 429
1085 447
1085 466
1103 429
1103 447
1103 466
1122 429
1122 447
1122 466
LINES:
1258 30 1255 678
1255 678 42 673
42 673 36 25
86 411 86 633
86 633 1150 642
1150 642 1150 517
1150 517 619 513
619 513 544 413
544 413 84 412
41 306 133 348
133 348 36 108
PUMPS:
403 498 630 678 -60 0
